name,graduation_count,college_bound,two_or_four_year_college_or_university,total_postsecondary_bound,non_degree_granting_postsecondary_school,specialized_associate_degree_granting_institution
21st Century Cyber CS,156,66,66,73,7,0
Abington Heights HS,255,222,220,224,2,2
Abington Heights SD,1,0,0,0,0,0
Abington SHS,562,481,479,481,0,2
Academy at Palumbo,212,185,182,188,3,3
Academy at Westinghouse,75,5,5,7,2,0
Academy CS,15,7,7,10,3,0
Academy Park HS,285,165,165,178,13,0
Achievement House CS,93,35,35,44,9,0
ACT Academy Cyber CS,12,0,0,0,0,0
Agora Cyber CS,752,345,329,398,53,16
Agora Cyber CS,1,0,0,0,0,0
Albert Gallatin Area SD,1,0,0,0,0,0
Albert Gallatin Area SHS,244,147,126,152,5,21
Aliquippa JSHS,57,33,24,34,1,9
Allegheny Valley SD,1,0,0,0,0,0
Allegheny-Clarion Valley HS,56,35,27,37,2,8
Allegheny-Clarion Valley SD,18,0,0,0,0,0
Allentown City SD,129,46,45,59,13,1
Altoona Area HS,533,302,294,336,34,8
Ambridge Area HS,164,114,102,123,9,12
Ambridge Area SD,6,0,0,0,0,0
Annville Cleona HS,117,77,77,83,6,0
Annville-Cleona SD,1,0,0,0,0,0
Antietam MS/HS,81,65,65,66,1,0
Antietam SD,3,0,0,0,0,0
Apollo-Ridge HS,67,39,38,41,2,1
Apollo-Ridge SD,4,0,0,0,0,0
Armstrong JSHS,220,0,0,0,0,0
Armstrong SD,2,0,0,0,0,0
Arts Academy at Benjamin Rush,146,137,130,140,3,7
ASPIRA Bilingual Cyber Charter School,45,27,27,35,8,0
Athens Area HS,151,80,77,82,2,3
Austin Area JSHS,12,5,5,5,0,0
Avella Area JSHS,35,21,19,21,0,2
Avon Grove CS,70,58,54,58,0,4
Avon Grove HS,429,384,375,386,2,9
Avon Grove SD,8,1,1,1,0,0
Avonworth HS,98,86,86,86,0,0
Avonworth SD,1,0,0,0,0,0
Bald Eagle Area JSHS,144,73,68,79,6,5
Baldwin SHS,329,272,268,282,10,4
Baldwin-Whitehall SD,2,0,0,0,0,0
Bangor Area HS,213,144,144,144,0,0
Bartram John - Main,138,72,64,80,8,8
Beaver Area SHS,169,136,131,138,2,5
Beaver Falls Area SHS,81,40,39,45,5,1
Bedford Area SD,1,0,0,0,0,0
Bedford SHS,146,74,73,80,6,1
Belle Vernon Area HS,183,142,135,148,6,7
Bellefonte Area HS,198,130,127,134,4,3
Bellwood-Antis HS,85,58,58,58,0,0
Bellwood-Antis SD,2,0,0,0,0,0
Bensalem Township SD,20,0,0,0,0,0
Bensalem Twp HS,396,320,318,326,6,2
Benton Area MSHS,41,19,19,19,0,0
Bentworth SD,1,0,0,0,0,0
Bentworth SHS,80,60,54,60,0,6
Berlin Brothersvalley SHS,69,35,35,46,11,0
Bermudian Springs HS,147,99,99,105,6,0
Bermudian Springs SD,3,0,0,0,0,0
Berwick Area HS,157,114,110,116,2,4
Berwick Area SD,6,3,3,3,0,0
Bethel Park HS,416,338,338,338,0,0
Bethel Park SD,5,0,0,0,0,0
Bethlehem Area SD,10,4,4,4,0,0
Bethlehem-Center SHS,73,41,37,41,0,4
Big Spring HS,217,118,113,122,4,5
Big Spring SD,2,0,0,0,0,0
Biglerville HS,114,74,69,75,1,5
Blackhawk HS,207,177,170,181,4,7
Blackhawk SD,3,0,0,0,0,0
Blacklick Valley JSHS,47,28,28,30,2,0
Blairsville SHS,67,39,39,39,0,0
Blairsville-Saltsburg SD,3,0,0,0,0,0
Bloomsburg Area HS,113,77,77,78,1,0
Bloomsburg Area SD,6,0,0,0,0,0
Blue Mountain HS,205,145,132,147,2,13
Blue Ridge HS,66,46,42,46,0,4
Bodine William W HS,103,82,82,85,3,0
Boiling Springs HS,154,110,107,110,0,3
Boyertown Area SD,19,3,2,4,1,1
Boyertown Area SHS,522,385,376,389,4,9
Boys Latin of Philadelphia CS,87,75,74,77,2,1
Bradford Area HS,169,99,97,104,5,2
Bradford Area SD,5,0,0,4,4,0
Brandywine Heights Area SD,1,0,0,0,0,0
Brandywine Heights HS,113,75,72,75,0,3
Brentwood SHS,109,94,87,96,2,7
Bristol Borough SD,6,1,1,1,0,0
Bristol HS,64,48,48,53,5,0
Bristol Township SD,26,0,0,0,0,0
Brockway Area JSHS,63,42,35,42,0,7
Brookville JSHS,82,51,50,54,3,1
Brownsville Area HS,111,51,43,52,1,8
Bucks County Technical High School,298,214,214,245,31,0
Bucktail HS,20,15,12,15,0,3
Building 21,66,41,35,41,0,6
Burgettstown Area SD,3,0,0,0,0,0
Burgettstown MS/HS,103,70,70,70,0,0
Burrell HS,125,98,95,98,0,3
Burrell SD,1,0,0,0,0,0
Butler Area SD,28,3,3,4,1,0
Butler Area SHS,518,402,386,435,33,16
California Area SHS,87,63,61,68,5,2
Cambria Heights SD,2,0,0,0,0,0
Cambria Heights SHS,115,68,68,76,8,0
Cambridge Springs JSHS,64,36,35,43,7,1
Cameron County JSHS,51,26,21,31,5,5
Cameron County SD,1,0,0,0,0,0
Camp Hill SHS,97,88,88,90,2,0
Canon-McMillan SD,6,0,0,0,0,0
Canon-McMillan SHS,386,314,306,315,1,8
Canton JSHS,69,40,40,40,0,0
Capital Area School for the Arts Charter,51,39,39,39,0,0
Carbon Career & Technical Institute,93,34,32,34,0,2
Carbondale Area JSHS,112,75,75,75,0,0
Carlisle Area HS,378,263,259,266,3,4
Carlisle Area SD,12,0,0,0,0,0
Carlynton JSHS,104,72,65,75,3,7
Carmichaels Area HS,68,44,40,44,0,4
Carver HS,150,141,140,142,1,1
Catasauqua Area SD,4,1,1,1,0,0
Catasauqua SHS,123,78,75,79,1,3
Cedar Cliff HS,267,196,196,197,1,0
Cedar Crest HS,318,222,215,240,18,7
Centennial SD,17,5,5,5,0,0
Center for Student Lrng CS Pennsbury,26,14,14,16,2,0
Central Bucks HS-East,504,472,472,472,0,0
Central Bucks HS-South,549,511,509,512,1,2
Central Bucks HS-West,477,434,434,434,0,0
Central Bucks SD,17,1,1,1,0,0
Central Cambria HS,137,99,98,106,7,1
Central Cambria SD,1,0,0,0,0,0
Central Columbia SHS,126,108,108,109,1,0
Central Dauphin East SHS,325,170,170,170,0,0
Central Dauphin SD,8,0,0,0,0,0
Central Dauphin SHS,386,323,323,324,1,0
Central HS,138,88,84,92,4,4
Central HS,548,408,406,409,1,2
Central Mountain HS,281,139,135,139,0,4
Central PA Digital Lrng Foundation CS,16,4,3,4,0,1
Central Valley HS,160,113,112,113,0,1
Central York HS,458,351,336,358,7,15
Central York SD,2,0,0,0,0,0
Chambersburg Area Career Magnet Sch,178,79,78,81,2,1
Chambersburg Area SD,10,0,0,0,0,0
Chambersburg Area SHS,490,226,217,239,13,9
Charleroi Area HS,98,64,61,64,0,3
Charleroi SD,1,1,1,1,0,0
Charter High School for Architecture and,116,107,107,107,0,0
Chartiers Valley HS,267,215,215,215,0,0
Chartiers Valley SD,1,0,0,1,1,0
Chartiers-Houston JSHS,96,76,70,77,1,6
Chartiers-Houston SD,3,0,0,0,0,0
Cheltenham HS,331,270,267,280,10,3
Cheltenham SD,2,0,0,0,0,0
Chester HS,189,96,96,96,0,0
Chester-Upland SD,15,1,1,1,0,0
Chestnut Ridge SD,1,0,0,0,0,0
Chestnut Ridge SHS,114,66,60,78,12,6
Chichester SD,5,0,0,0,0,0
Chichester SHS,185,126,122,136,10,4
City CHS,132,95,91,98,3,4
Clairton City SD,1,0,0,0,0,0
Clairton MS/HS,51,34,28,34,0,6
Clarion Area JSHS,66,46,46,49,3,0
Clarion-Limestone Area JSHS,57,32,31,35,3,1
Clarion-Limestone Area SD,1,0,0,0,0,0
Claysburg-Kimmel HS,53,0,0,0,0,0
Clearfield Area JSHS,167,101,95,103,2,6
Coatesville Area SD,12,0,0,0,0,0
Coatesville Area SD Cyber Academy,38,10,8,11,1,2
Coatesville Area SHS,420,310,281,324,14,29
Cocalico SD,3,0,0,0,0,0
Cocalico SHS,264,182,166,183,1,16
Cochranton JSHS,81,35,32,36,1,3
Collegium CS,74,63,63,66,3,0
Colonial SD,9,0,0,0,0,0
Columbia Borough SD,6,0,0,0,0,0
Columbia HS,84,49,42,49,0,7
Columbia-Montour AVTS,148,51,51,54,3,0
Commodore Perry JSHS,44,28,24,28,0,4
Commonwealth Charter Academy CS,1027,486,480,559,73,6
Community Academy of Philadelphia CS,133,98,98,104,6,0
Conemaugh Twp Area MS/SHS,73,55,51,56,1,4
Conemaugh Valley JSHS,73,41,41,41,0,0
Conestoga SHS,536,522,522,522,0,0
Conestoga Valley SD,20,3,3,3,0,0
Conestoga Valley SHS,300,193,190,193,0,3
Conneaut Area Senior High,171,74,71,88,14,3
Connellsville Area Career & Technical Ce,106,39,39,39,0,0
Connellsville Area SD,1,0,0,0,0,0
Connellsville Area SHS,208,130,130,137,7,0
Conrad Weiser Area SD,2,1,0,1,0,1
Conrad Weiser HS,242,174,165,181,7,9
Constitution HS,89,79,78,80,1,1
Cornell HS,44,35,35,40,5,0
Corry Area HS,147,76,67,76,0,9
Corry Area SD,1,0,0,0,0,0
Coudersport Area JSHS,61,41,41,41,0,0
Coudersport Area SD,1,0,0,0,0,0
Cougar Academy,13,5,5,6,1,0
Council Rock HS North,421,380,380,381,1,0
Council Rock HS South,522,473,470,480,7,3
Cowanesque Valley JSHS,50,26,26,26,0,0
Cranberry Area JSHS,89,48,48,57,9,0
Creative and Performing Arts,138,112,112,113,1,0
Crestwood HS,220,185,182,185,0,3
Crestwood SD,3,0,0,0,0,0
Crispus Attucks CS,53,1,1,1,0,0
Cumberland Valley HS,621,507,505,514,7,2
Cumberland Valley SD,7,0,0,0,0,0
Curwensville Area JSHS,89,61,56,61,0,5
Dallas SD,1,0,0,0,0,0
Dallas SHS,207,183,183,185,2,0
Dallastown Area SD,11,5,5,6,1,0
Dallastown Area SHS,453,339,339,361,22,0
Daniel Boone Area HS,287,219,219,224,5,0
Daniel Boone Area SD,5,0,0,0,0,0
Danville Area SHS,153,109,108,116,7,1
Dauphin County Technical School,232,124,111,127,3,13
Deer Lakes HS,160,122,122,138,16,0
Deer Lakes SD,4,1,1,1,0,0
Delaware Valley HS,393,280,280,289,9,0
Derry Area SD,6,0,0,0,0,0
Derry Area SHS,151,110,101,111,1,9
Dobbins AVT HS,83,51,48,54,3,3
Donegal HS,208,135,119,135,0,16
Donegal SD,9,0,0,0,0,0
Dover Area HS,227,142,138,148,6,4
Dover Area SD,10,0,0,0,0,0
Downingtown Area SD,12,2,2,2,0,0
Downingtown HS East Campus,452,410,408,415,5,2
Downingtown HS West Campus,358,304,299,307,3,5
Downingtown STEM Academy,194,194,194,194,0,0
Dr Robert Ketterer CS Inc.,31,16,16,18,2,0
Dubois Area SD,5,0,0,0,0,0
Dubois Area SHS,250,147,146,158,11,1
Dunmore JSHS,116,102,101,107,5,1
East Allegheny JSHS,103,79,77,79,0,2
East Allegheny SD,1,0,0,0,0,0
East Forest JSHS,12,7,7,8,1,0
East Juniata JSHS,79,46,39,47,1,7
East Pennsboro Area SHS,189,132,130,133,1,2
East Stroudsburg Area SD,5,0,0,0,0,0
East Stroudsburg SHS North,251,160,160,164,4,0
East Stroudsburg SHS South,326,244,152,261,17,92
Eastern Lancaster County SD,4,0,0,0,0,0
Eastern Lebanon Co SHS,174,102,102,109,7,0
Eastern Lebanon County SD,2,0,0,0,0,0
Eastern University Academy Charter School,55,52,52,52,0,0
Eastern York HS,158,92,88,101,9,4
Eastern York SD,6,0,0,0,0,0
Easton Area HS,613,487,484,503,16,3
Edison HS/Fareira Skills,160,83,71,86,3,12
Eisenhower M/HS,70,41,39,45,4,2
Elizabeth Forward SHS,195,146,137,147,1,9
Elizabethtown Area SHS,301,207,206,218,11,1
Elk Lake JSHS,96,55,54,55,0,1
Elmer L Meyers JSHS,167,130,124,133,3,6
Emmaus HS,649,521,516,527,6,5
Ephrata Area SD,1,0,0,0,0,0
Ephrata SHS,293,184,164,189,5,20
Erie City SD,9,0,0,0,0,0
Erie HS,464,135,119,147,12,16
Esperanza Academy Charter School,157,102,102,111,9,0
Esperanza Cyber CS,22,13,13,17,4,0
Everett Area HS,98,53,53,55,2,0
Evergreen Community CS,11,10,10,10,0,0
Exeter Township SD,6,2,2,2,0,0
Exeter Twp SHS,327,233,231,241,8,2
Fairfield Area HS,89,73,73,75,2,0
Fairfield Area SD,1,0,0,0,0,0
Fairview HS,123,102,102,108,6,0
Fairview SD,2,0,0,0,0,0
Fannett-Metal SHS,38,14,14,17,3,0
Farrell Area HS/UMS,46,31,21,32,1,10
Fels Samuel HS,181,109,98,114,5,11
Ferndale Area JSHS,54,37,35,39,2,2
First Philadelphia Preparatory Charter S,45,36,34,37,1,2
Fleetwood SHS,193,129,121,130,1,8
Forbes Road JSHS,24,12,12,12,0,0
Forest Area SD,10,0,0,0,0,0
Forest City Regional HS,52,30,30,32,2,0
Forest City Regional SD,1,0,0,0,0,0
Forest Hills JSHS,145,91,81,102,11,10
Fort Cherry JSHS,78,53,50,55,2,3
Fort LeBoeuf SD,3,0,0,0,0,0
Fort LeBoeuf SHS,170,98,94,112,14,4
Fox Chapel Area HS,346,303,302,305,2,1
Fox Chapel Area SD,1,1,1,1,0,0
Frankford HS,222,111,94,114,3,17
Franklin Area JSHS,136,81,80,87,6,1
Franklin Area SD,10,0,0,0,0,0
Franklin Benjamin HS,82,31,25,31,0,6
Franklin LC,160,126,120,129,3,6
Franklin Regional SHS,306,278,278,280,2,0
Franklin Towne CHS,253,198,198,210,12,0
Frazier HS,75,41,34,41,0,7
Freedom Area SHS,110,61,51,69,8,10
Freedom HS,435,344,340,349,5,4
Freeport Area SHS,160,133,126,134,1,7
Freire CS,95,91,90,93,2,1
Furness Horace HS,149,98,92,101,3,6
G A R Memorial JSHS,126,70,70,72,2,0
Galeton Area Sch,14,6,5,8,2,1
Gamp,59,51,51,52,1,0
Garden Spot SHS,251,116,101,126,10,15
Garnet Valley HS,416,380,380,384,4,0
Garnet Valley SD,3,1,1,1,0,0
Gateway SD,7,0,0,0,0,0
Gateway SHS,269,222,216,226,4,6
General McLane HS,172,117,115,120,3,2
General McLane SD,1,0,0,0,0,0
George Jr Republic HS,29,12,9,13,1,3
Gettysburg Area HS,263,201,186,205,4,15
Gettysburg Area SD,5,0,0,0,0,0
Gillingham Charter School,11,5,5,5,0,0
Girard HS,128,78,69,80,2,9
Girard SD,1,0,0,0,0,0
Girls HS,232,202,199,202,0,3
Glendale JSHS,52,26,25,26,0,1
Governor Mifflin SHS,327,230,225,236,6,5
Great Valley HS,312,289,289,289,0,0
Great Valley SD,18,0,0,0,0,0
Greater Johnstown School District's Cybe,8,1,0,1,0,1
Greater Johnstown SD,12,0,0,0,0,0
Greater Johnstown SHS,181,126,102,126,0,24
Greater Latrobe SD,3,0,0,0,0,0
Greater Latrobe SHS,309,232,226,242,10,6
Greater Nanticoke Area SD,12,0,0,0,0,0
Greater Nanticoke Area SHS,160,103,103,106,3,0
Greencastle-Antrim SHS,211,147,140,153,6,7
Greensburg Salem SD,1,0,0,0,0,0
Greensburg-Salem HS,166,163,136,163,0,27
Greenville JSHS,119,88,85,99,11,3
Greenwood HS,50,37,37,39,2,0
Grove City Area HS,153,117,114,118,1,3
Halifax Area HS,73,52,44,52,0,8
Hamburg Area HS,169,102,92,102,0,10
Hamburg Area SD,1,0,0,0,0,0
Hampton HS,263,243,242,244,1,1
Hampton Township SD,1,0,0,0,0,0
Hanover Area JSHS,140,108,108,108,0,0
Hanover Area SD,7,1,1,1,0,0
Hanover Public SD,10,1,1,1,0,0
Hanover SHS,111,56,56,58,2,0
Harbor Creek SD,3,0,0,0,0,0
Harbor Creek Senior HS,181,112,111,115,3,1
Harmony Area JSHS,23,10,9,13,3,1
Harmony Area SD,1,0,0,0,0,0
Harrisburg City SD,41,0,0,0,0,0
Harrisburg HS,157,88,86,90,2,2
Harrisburg HS - SciTech Cmp,74,70,70,70,0,0
Harriton SHS,287,269,269,272,3,0
Hatboro-Horsham SD,4,1,1,1,0,0
Hatboro-Horsham SHS,373,331,330,332,1,1
Haverford SHS,415,369,367,374,5,2
Haverford Township SD,7,2,2,2,0,0
Hazleton Area HS,748,481,472,491,10,9
Hempfield  SD,7,0,0,0,0,0
Hempfield Area SD,4,0,0,0,0,0
Hempfield Area SHS,437,352,345,358,6,7
Hempfield SHS,513,381,368,389,8,13
Hershey HS,276,259,259,259,0,0
Hickory HS,159,128,125,128,0,3
Highlands SD,2,0,0,0,0,0
Highlands SHS,159,101,100,107,6,1
Hill Freedman World Academy,69,48,47,49,1,1
Hill House Passport Academy Charter School,83,0,0,0,0,0
Hollidaysburg Area SD,1,0,0,0,0,0
Hollidaysburg Area SHS,263,172,168,178,6,4
Homer-Center JSHS,71,53,53,53,0,0
Honesdale HS,189,135,135,140,5,0
HOPE for Hyndman CS,34,15,14,16,1,1
Hopewell SHS,153,112,108,117,5,4
Hughesville JSHS,118,68,67,70,2,1
Huntingdon Area SD,2,0,0,0,0,0
Huntingdon Area SHS,151,104,91,105,1,13
I-LEAD Charter School,71,32,32,39,7,0
Imhotep Institute CHS,125,104,104,106,2,0
Indiana Area SD,3,0,0,0,0,0
Indiana Area SHS,188,142,136,145,3,6
Innovative Arts Academy CS,43,22,22,22,0,0
Interboro SD,1,0,0,0,0,0
Interboro SHS,243,185,177,187,2,8
Iroquois JSHS,88,42,40,44,2,2
Iroquois SD,1,0,0,0,0,0
James Buchanan HS,151,90,90,90,0,0
James M Coughlin JSHS,193,145,142,145,0,3
Jamestown Area JSHS,27,17,17,22,5,0
Jeannette City SD,3,0,0,0,0,0
Jeannette HS,52,38,33,39,1,5
Jefferson County-DuBois AVTS,72,15,12,15,0,3
Jefferson-Morgan MS/HS,48,30,27,32,2,3
Jenkintown Middle/High School,38,38,38,38,0,0
Jersey Shore Area SHS,160,106,101,106,0,5
Jim Thorpe Area HS,122,90,88,95,5,2
Jim Thorpe Area SD,3,0,0,0,0,0
Johnsonburg Area HS,31,22,21,23,1,1
Juniata SHS,122,66,57,68,2,9
Juniata Valley JSHS,51,35,33,42,7,2
Kane Area HS,78,51,51,51,0,0
Karns City Area SD,1,0,0,0,0,0
Karns City HS,135,78,75,84,6,3
Kennard-Dale HS,165,117,108,118,1,9
Kennett Consolidated SD,4,1,1,1,0,0
Kennett HS,330,274,273,287,13,1
Kensington Creative & Performing Arts HS,99,57,54,60,3,3
Kensington Health Sciences,74,51,47,53,2,4
Kensington HS,90,17,13,20,3,4
Keystone  SD,2,0,0,0,0,0
Keystone Education Center CS,46,0,0,6,6,0
Keystone JSHS,69,49,40,52,3,9
Keystone Oaks HS,139,109,100,109,0,9
Keystone Oaks SD,5,0,0,0,0,0
Kimmel Alternative School,3,0,0,0,0,0
King Martin Luther HS,89,38,34,43,5,4
KIPP DuBois Charter School,112,97,97,104,7,0
Kiski Area HS,291,200,194,207,7,6
Knoch HS,208,145,145,158,13,0
Kutztown Area SHS,113,77,77,87,10,0
La Academia Partnership Charter School,30,19,19,19,0,0
Lackawanna Trail JSHS,82,50,50,56,6,0
Lackawanna Trail SD,1,0,0,0,0,0
Lakeland JSHS,106,69,69,73,4,0
Lake-Lehman JSHS,117,89,89,90,1,0
Lakeview HS,103,64,64,65,1,0
Lampeter-Strasburg SD,2,2,2,2,0,0
Lampeter-Strasburg SHS,257,189,184,191,2,5
Lancaster SD,13,2,1,2,0,1
Lankenau HS,68,45,44,46,1,1
Laurel Highlands SD,5,0,0,0,0,0
Laurel Highlands SHS,210,143,143,152,9,0
Laurel JSHS,93,67,66,72,5,1
Lawrence County CTC,134,52,52,58,6,0
Lebanon SD,12,1,1,1,0,0
Lebanon SHS,218,101,99,105,4,2
Leechburg Area HS,55,34,34,38,4,0
Lehigh Valley Academy Regional CS,71,68,67,68,0,1
Lehigh Valley Charter High School for th,149,128,128,131,3,0
Lehighton Area HS,163,109,108,120,11,1
Lenape Tech,166,71,64,83,12,7
Lewisburg HS,172,146,146,146,0,0
Liberty HS,632,478,465,487,9,13
Ligonier Valley HS,129,97,96,106,9,1
Lincoln HS,252,181,167,183,2,14
Lincoln JSHS,121,83,83,90,7,0
Lincoln Leadership Academy Charter School,61,57,57,58,1,0
Lincoln Park Performing Arts CS,129,108,108,111,3,0
Line Mountain HS,90,52,48,58,6,4
Line Mountain SD,3,0,0,0,0,0
Littlestown Area SD,6,0,0,0,0,0
Littlestown SHS,155,105,92,107,2,13
Louis E Dieruff HS,436,281,272,294,13,9
Lower Dauphin HS,306,196,196,199,3,0
Lower Dauphin SD,4,0,0,0,0,0
Lower Merion HS,357,333,333,337,4,0
Lower Merion SD,9,0,0,0,0,0
Lower Moreland HS,186,178,178,178,0,0
Loyalsock Twp SHS,110,80,80,83,3,0
Mahanoy Area JSHS,82,56,56,61,5,0
Mahanoy Area SD,1,0,0,0,0,0
Manheim Central SD,8,0,0,0,0,0
Manheim Central SHS,233,8,8,9,1,0
Manheim Township SD,1,0,0,0,0,0
Manheim Twp HS,446,356,345,361,5,11
Mapletown JSHS,47,22,20,25,3,2
Maplewood JSHS,90,42,39,49,7,3
Mariana Bracetti Academy CS,111,81,81,81,0,0
Marion Center Area JR/SR HS,106,64,62,71,7,2
Maritime Academy CS,63,40,40,42,2,0
Marple Newtown SD,5,0,0,0,0,0
Marple Newtown SHS,254,225,225,236,11,0
Mars Area SD,6,0,0,0,0,0
Mars Area SHS,278,241,241,245,4,0
MAST Community Charter School,102,89,87,90,1,2
Mastbaum Jules E AVTS,88,55,44,57,2,11
Masterman Julia R Sec Sch,106,104,104,104,0,0
Mastery CHS - Lenfest Campus,66,52,52,56,4,0
Mastery CS - Hardy Williams,60,41,41,45,4,0
Mastery CS - Thomas Campus,92,73,73,73,0,0
Mastery CS -Shoemaker Campus,116,102,100,107,5,2
Mastery CS-Gratz Campus,234,152,152,177,25,0
Mastery CS-Pickett Campus,94,62,62,66,4,0
Math Civics and Sciences CS,75,73,70,73,0,3
McCaskey Campus,564,428,377,438,10,51
McConnellsburg HS,69,35,31,35,0,4
McDowell HS,528,368,365,375,7,3
McGuffey HS,116,68,57,68,0,11
McGuffey SD,2,0,0,0,0,0
McKeesport Area SHS,238,132,132,147,15,0
Meadville Area SHS,233,135,128,138,3,7
Mechanicsburg Area SD,3,0,0,0,0,0
Mechanicsburg Area SHS,266,206,205,206,0,1
Mercer Area SHS,108,70,67,72,2,3
Methacton HS,395,357,357,360,3,0
Methacton SD,1,1,1,1,0,0
Meyersdale Area HS,64,39,37,39,0,2
Meyersdale Area SD,1,0,0,0,0,0
Mid Valley Secondary Center,110,75,74,80,5,1
Middletown Area HS,157,116,114,116,0,2
Middletown Area SD,3,0,0,0,0,0
Midd-West HS,175,68,67,69,1,1
Midd-West SD,2,0,0,0,0,0
Mifflin Co HS,420,206,193,213,7,13
Mifflin County SD,1,0,0,0,0,0
Mifflinburg Area SHS,157,80,78,82,2,2
Millcreek Township SD,3,0,0,0,0,0
Millersburg Area SHS,63,47,45,48,1,2
Millville Area JSHS,45,33,33,33,0,0
Millville Area SD,3,0,0,0,0,0
Milton Area SD,3,0,0,0,0,0
Milton HS,151,79,79,80,1,0
Minersville Area JSHS,66,46,43,48,2,3
Mohawk SHS,115,88,84,92,4,4
Monessen City SD,2,0,0,0,0,0
Monessen SHS,48,26,22,27,1,4
Moniteau JSHS,96,50,43,50,0,7
Moniteau SD,2,0,0,0,0,0
Montgomery JSHS,49,30,25,32,2,5
Montour HS,258,215,212,218,3,3
Montour SD,5,1,1,1,0,0
Montoursville Area SHS,161,120,120,121,1,0
Montrose Area JSHS,127,82,74,83,1,8
Moon Area SD,8,1,0,1,0,1
Moon SHS,274,253,242,254,1,11
Morrisville Borough SD,1,0,0,0,0,0
Morrisville HS,54,43,43,46,3,0
Moshannon Valley JSHS,75,49,43,51,2,6
Motivation HS,81,57,53,57,0,4
Mount Carmel Area HS,99,70,69,71,1,1
Mount Carmel Area SD,1,0,0,0,0,0
Mount Pleasant Area HS,160,0,0,0,0,0
Mount Union Area SHS,115,52,47,60,8,5
Mountain View JSHS,67,42,42,48,6,0
Mt Lebanon SD,2,1,1,1,0,0
Mt Lebanon SHS,437,422,422,423,1,0
Muhlenberg HS,265,179,173,179,0,6
Multicultural Academy CS,55,52,51,52,0,1
Muncy JSHS,66,53,53,53,0,0
Muncy SD,4,0,0,0,0,0
Nazareth Area HS,372,333,329,335,2,4
Neshaminy HS,626,560,559,574,14,1
Neshaminy SD,10,1,1,1,0,0
Neshannock JSHS,101,94,94,95,1,0
Neshannock Township SD,1,0,0,1,1,0
New Brighton Area HS,105,59,56,60,1,3
New Brighton Area SD,1,0,0,1,1,0
New Castle Area SD,22,3,2,3,0,1
New Castle SHS,160,115,109,117,2,6
New Day Charter School,25,0,0,1,1,0
New Foundations CS,190,178,178,180,2,0
New Hope-Solebury HS,128,123,123,123,0,0
New Hope-Solebury SD,3,0,0,0,0,0
New Oxford SHS,267,176,167,186,10,9
Newport HS,69,51,50,51,0,1
Norristown Area HS,292,221,217,221,0,4
Norristown Area SD,11,0,0,0,0,0
North Allegheny HS,641,575,570,576,1,5
North Clarion Co JSHS,46,28,28,28,0,0
North East HS,116,64,63,65,1,1
North Hills SHS,348,277,271,297,20,6
North Penn SD,4,0,0,0,0,0
North Penn SHS,974,830,829,841,11,1
North Penn-Liberty JSHS,45,27,27,28,1,0
North Penn-Mansfield JSHS,85,45,45,48,3,0
North Pocono HS,212,164,164,165,1,0
North Pocono SD,2,0,0,0,0,0
North Schuylkill JSHS,123,69,69,70,1,0
North Star HS,93,49,48,51,2,1
Northampton Area HS,418,329,325,333,4,4
Northeast Bradford JSHS,75,37,34,41,4,3
Northeast HS,679,461,448,477,16,13
Northeastern SHS,219,159,158,165,6,1
Northeastern York SD,3,0,0,0,0,0
Northern Bedford Co MS/SHS,79,35,33,36,1,2
Northern Cambria HS,83,58,58,59,1,0
Northern HS,247,149,144,149,0,5
Northern Lebanon SD,5,0,0,0,0,0
Northern Lebanon SHS,185,110,96,110,0,14
Northern Lehigh SD,1,0,0,0,0,0
Northern Lehigh SHS,127,91,88,92,1,3
Northern Potter JSHS,36,19,19,19,0,0
Northern York County SD,4,0,0,0,0,0
Northgate MSHS,61,44,44,47,3,0
Northwest Area HS,74,51,51,56,5,0
Northwest PA Collegiate Academy,201,190,190,193,3,0
Northwestern Lehigh HS,192,154,152,156,2,2
Northwestern Lehigh SD,5,2,2,2,0,0
Northwestern SHS,111,50,43,52,2,7
Norwin SD,3,0,0,0,0,0
Norwin SHS,377,322,316,326,4,6
Octorara Area JSHS,192,123,108,123,0,15
Octorara Area SD,4,0,0,0,0,0
Oil City Area SD,16,0,0,0,0,0
Oil City SHS,143,76,72,79,3,4
Old Forge JSHS,84,66,64,68,2,2
Oley Valley SD,8,2,2,3,1,0
Oley Valley SHS,135,101,101,111,10,0
Olney Charter High School,432,238,236,280,42,2
Oswayo Valley HS,34,21,21,21,0,0
Oswayo Valley SD,1,0,0,0,0,0
Otto-Eldred JSHS,44,31,29,33,2,2
Overbrook HS,78,51,46,54,3,5
Owen J Roberts HS,395,341,340,348,7,1
Owen J Roberts SD,23,6,6,8,2,0
Oxford Area HS,329,226,220,234,8,6
Oxford Area SD,2,0,0,0,0,0
Palisades HS,139,109,109,112,3,0
Palisades SD,5,0,0,0,0,0
Palmerton Area HS,114,89,89,92,3,0
Palmerton Area SD,8,0,0,0,0,0
Palmyra Area SD,1,0,0,0,0,0
Palmyra Area SHS,261,195,195,196,1,0
Panther Valley JSHS,112,56,53,56,0,3
Panther Valley SD,6,1,1,1,0,0
Parkland HS,775,659,658,661,2,1
Parkland SD,6,3,3,3,0,0
Parkway Center City Middle College,91,81,77,82,1,4
Parkway Northwest,43,33,33,34,1,0
Parkway West,37,31,28,31,0,3
Paul Robeson HS for Human Services,77,53,51,54,1,2
Pen Argyl Area HS,125,86,81,88,2,5
Penn Cambria HS,123,92,85,93,1,7
Penn Cambria SD,2,0,0,0,0,0
Penn Hills SD,1,0,0,0,0,0
Penn Hills SHS,293,233,229,242,9,4
Penn Manor HS,371,271,254,273,2,17
Penn Manor SD,10,0,0,0,0,0
Penn Trafford HS,333,275,274,280,5,1
Penn Treaty Sch,63,43,41,44,1,2
Penn Wood HS,300,227,197,227,0,30
Penncrest HS,292,264,262,266,2,2
Penncrest SD,2,0,0,0,0,0
Penn-Delco SD,3,0,0,0,0,0
Pennridge HS,562,454,453,458,4,1
Pennridge SD,11,0,0,0,0,0
Penns Manor Area JSHS,66,34,34,37,3,0
Penns Manor Area SD,2,0,0,0,0,0
Penns Valley Area JSHS,100,78,75,83,5,3
Pennsbury HS,805,666,663,679,13,3
Pennsbury SD,2,0,0,0,0,0
Pennsylvania Cyber CS,1294,686,576,712,26,110
Pennsylvania Distance Learning CS,93,56,52,60,4,4
Pennsylvania Leadership CS,358,236,234,270,34,2
Pennsylvania Virtual CS,201,96,95,110,14,1
Penn-Trafford SD,4,0,0,0,0,0
Pequea Valley HS,115,59,52,61,2,7
Pequea Valley SD,5,1,1,2,1,0
Perkiomen Valley HS,417,361,357,362,1,4
Perkiomen Valley SD,1,0,0,0,0,0
Perseus House CS of Excellence,76,42,36,46,4,6
Peters Township SD,2,0,0,0,0,0
Peters Twp HS,336,311,311,315,4,0
Philadelphia Academy CS,100,78,78,78,0,0
Philadelphia City SD,685,63,48,69,6,15
Philadelphia Electrical & Tech CHS,159,81,81,104,23,0
Philadelphia Learning Academy - North,6,0,0,0,0,0
Philadelphia Learning Academy - South,16,0,0,0,0,0
Philadelphia Military Acad at Elverson,60,34,32,37,3,2
Philadelphia Performing Arts CS,207,200,200,202,2,0
Philipsburg-Osceola Area HS,138,75,66,75,0,9
Phoenix Academy,120,47,45,50,3,2
Phoenixville Area HS,279,238,235,245,7,3
Phoenixville Area SD,6,2,2,3,1,0
Pine Grove Area HS,126,63,61,72,9,2
Pine-Richland HS,363,334,334,341,7,0
Pine-Richland SD,1,0,0,0,0,0
Pittsburgh Allderdice HS,333,199,198,203,4,1
Pittsburgh Brashear HS,269,163,157,178,15,6
Pittsburgh CAPA 6-12,134,2,2,2,0,0
Pittsburgh Carrick HS,148,114,101,118,4,13
Pittsburgh Conroy,7,0,0,0,0,0
Pittsburgh Milliones 6-12,72,3,3,4,1,0
Pittsburgh Obama 6-12,114,0,0,0,0,0
Pittsburgh Oliver,8,0,0,0,0,0
Pittsburgh Online Academy,29,8,8,8,0,0
Pittsburgh Perry HS,81,56,52,59,3,4
Pittsburgh Science and Technology Academy,69,0,0,0,0,0
Pittsburgh SD,11,1,1,1,0,0
Pittston Area SHS,236,201,201,208,7,0
Pleasant Valley HS,410,331,323,338,7,8
Plum Borough SD,5,0,0,0,0,0
Plum SHS,300,231,226,241,10,5
Plymouth-Whitemarsh SHS,351,308,306,312,4,2
Pocono Mountain East HS,337,265,262,266,1,3
Pocono Mountain East JHS,2,0,0,0,0,0
Pocono Mountain SD,8,0,0,0,0,0
Pocono Mountain West HS,411,209,209,217,8,0
Port Allegany JSHS,59,34,32,35,1,2
Portage Area JSHS,68,54,48,56,2,6
Pottsgrove SD,4,0,0,0,0,0
Pottsgrove SHS,260,199,197,199,0,2
Pottstown SD,3,0,0,0,0,0
Pottstown SHS,148,106,101,106,0,5
Pottsville Area HS,214,138,123,140,2,15
Pottsville Area SD,6,0,0,0,0,0
Preparatory CS of Mathematics Science,118,70,70,73,3,0
Price,5,0,0,0,0,0
Propel CS-Braddock Hills,50,44,38,45,1,6
Propel CS-Homestead,39,33,33,33,0,0
Punxsutawney Area HS,152,98,86,105,7,12
Punxsutawney Area SD,1,0,0,0,0,0
Purchase Line JSHS,81,43,34,48,5,9
Purchase Line SD,1,0,0,0,0,0
Quaker Valley HS,151,128,126,128,0,2
Quaker Valley SD,5,1,1,1,0,0
Quakertown Community HS,381,296,293,299,3,3
Quakertown Community SD,7,1,1,1,0,0
Radnor SHS,267,244,244,248,4,0
Radnor Township SD,6,0,0,0,0,0
Randolph A. Philip AVT HS,115,75,65,79,4,10
Reading SD,8,0,0,0,0,0
Reading SHS,795,478,442,483,5,36
Red Land SHS,285,200,200,207,7,0
Red Lion Area SD,5,0,0,0,0,0
Red Lion Area SHS,376,230,218,244,14,12
Redbank Valley HS,55,33,33,38,5,0
Redbank Valley SD,2,0,0,0,0,0
Renaissance Academy CS,72,66,66,70,4,0
Reynolds JSHS,105,77,72,77,0,5
Richland HS,127,102,100,105,3,2
Richland SD,2,0,0,0,0,0
Ridgway Area HS,55,37,37,40,3,0
Ridgway Area SD,1,0,0,0,0,0
Ridley HS,449,359,355,374,15,4
Ridley SD,2,1,1,1,0,0
Ringgold SD,7,0,0,0,0,0
Ringgold SHS,223,149,146,152,3,3
Riverside Beaver County SD,1,0,0,0,0,0
Riverside HS,102,68,66,68,0,2
Riverside JSHS,87,71,68,72,1,3
Riverview JSHS,62,55,55,56,1,0
Roberto Clemente CS,29,26,26,28,2,0
Rochester Area SD,3,0,0,0,0,0
Rochester High School,52,28,27,33,5,1
Rockwood Area JSHS,53,28,28,28,0,0
Rocky Grove JSHS,64,36,31,36,0,5
Roosevelt Altern Sch,67,39,35,39,0,4
Rose Tree Media SD,3,0,0,0,0,0
Roxborough HS,100,78,76,82,4,2
Saegertown JSHS,87,50,49,55,5,1
Saint Marys Area SD,1,0,0,0,0,0
Salisbury SHS,138,103,103,107,4,0
Salisbury Township SD,5,3,3,3,0,0
Salisbury-Elk Lick JSHS,21,10,10,11,1,0
Saltsburg MS/HS,41,26,22,27,1,4
Sankofa Freedom Academy Charter School,37,35,34,37,2,1
Saucon Valley SHS,189,160,160,160,0,0
Saul W B Agricultural School,80,9,9,9,0,0
Sayre Area HS,62,36,36,42,6,0
Sayre William L MS,74,39,37,43,4,2
School Lane CS,59,51,51,52,1,0
School of the Future,82,70,66,71,1,4
Schuylkill Haven SHS,104,66,66,66,0,0
Schuylkill Valley HS,144,110,105,114,4,5
Schuylkill Valley SD,1,0,0,0,0,0
Science Leadership Academy,122,79,79,80,1,0
Scranton HS,379,241,240,241,0,1
Scranton SD,39,7,7,7,0,0
Selinsgrove Area HS,147,108,108,108,0,0
Seneca HS,109,63,55,66,3,8
Seneca Valley HS,542,453,453,470,17,0
Seneca Valley SD,6,2,2,2,0,0
Shade JSHS,30,17,17,17,0,0
Shaler Area HS,375,271,271,294,23,0
Shaler Area SD,7,0,0,0,0,0
Shamokin Area HS,127,74,72,75,1,2
Shanksville-Stonycreek HS,23,11,11,12,1,0
Sharon City SD,1,0,0,0,0,0
Sharon HS,125,77,77,77,0,0
Sharpsville Area SHS,95,64,63,69,5,1
Sheffield M/HS,44,19,14,20,1,5
Shenandoah Valley JSHS,78,47,47,49,2,0
Shenango HS,85,67,64,69,2,3
Shikellamy HS,173,105,104,105,0,1
Shippensburg Area SHS,259,145,144,154,9,1
Slippery Rock Area HS,138,90,88,90,0,2
Slippery Rock Area SD,3,0,0,0,0,0
Smethport Area JSHS,63,34,31,35,1,3
Solanco HS,299,152,146,159,7,6
Solanco SD,3,1,1,1,0,0
Somerset Area Jr-Sr HS,187,103,91,108,5,12
Souderton Area SD,17,1,1,1,0,0
Souderton Area SHS,536,426,426,436,10,0
South Allegheny MS/HS,110,65,60,68,3,5
South Allegheny SD,4,0,0,0,0,0
South Butler County SD,1,0,0,1,1,0
South Eastern SD,16,2,2,4,2,0
South Fayette Township SD,2,0,0,0,0,0
South Fayette Twp HS,189,170,170,170,0,0
South Park SD,3,1,1,2,1,0
South Park SHS,171,167,167,167,0,0
South Philadelphia HS,88,41,39,42,1,2
South Side Area SD,1,0,0,0,0,0
South Side HS,89,66,65,66,0,1
South Western SD,17,0,0,0,0,0
South Western SHS,297,212,210,222,10,2
South Williamsport Area JSHS,85,56,56,57,1,0
Southeast Delco SD,6,0,0,0,0,0
Southern Columbia HS,99,74,74,78,4,0
Southern Fulton JSHS,51,33,32,33,0,1
Southern Huntingdon Co HS/MS,92,49,46,54,5,3
Southern Lehigh SD,2,0,0,0,0,0
Southern Lehigh SHS,254,194,194,210,16,0
Southern York County SD,4,0,0,0,0,0
Southmoreland SD,2,0,0,0,0,0
Southmoreland SHS,135,101,101,101,0,0
Spectrum CS,10,1,1,1,0,0
Spring Cove SD,1,0,0,0,0,0
Spring Grove Area HS,265,148,141,152,4,7
Spring Grove Area SD,5,0,0,0,0,0
Springdale JSHS,86,62,57,65,3,5
Springfield HS,278,256,254,265,9,2
Springfield SD,4,0,0,0,0,0
Springfield Township SD,1,0,0,0,0,0
Springfield Twp HS,136,121,121,122,1,0
Spring-Ford Area SD,3,0,0,0,0,0
Spring-Ford SHS 9-12 Ctr,641,559,557,566,7,2
St Marys Area SHS,174,106,106,109,3,0
State College Area HS,579,453,447,453,0,6
Steel Valley SD,2,0,0,0,0,0
Steel Valley SHS,114,70,66,76,6,4
Steelton-Highspire HS,69,46,46,52,6,0
Steelton-Highspire SD,4,0,0,0,0,0
STEM at Showalter,106,83,83,97,14,0
Sto-Rox JSHS,64,45,44,45,0,1
Sto-Rox SD,5,1,0,1,0,1
Strath Haven HS,300,269,269,270,1,0
Strawberry Mansion HS,40,14,13,14,0,1
Stroudsburg Area SD,1,0,0,0,0,0
Stroudsburg HS,388,193,191,193,0,2
Sugar Valley Rural CS,25,13,13,16,3,0
Sullivan Co JSHS,41,23,23,24,1,0
Sun Valley HS,279,234,233,234,0,1
Susq-Cyber CS,23,12,9,16,4,3
Susquehanna Community JSHS,53,30,30,31,1,0
Susquehanna Community SD,3,0,0,0,0,0
Susquehanna Township SD,18,11,10,11,0,1
Susquehanna Twp HS,184,153,148,153,0,5
Susquehannock HS,226,166,162,172,6,4
Susquenita HS,115,67,67,67,0,0
Swenson Arts & Technology HS,119,82,70,84,2,12
Tacony Academy Charter School,89,68,68,73,5,0
Tamaqua Area SHS,157,136,135,137,1,1
The Linc,57,34,32,34,0,2
The Science Leadership Academy at Beeber,123,109,107,110,1,2
The SD of Philadelphia Virtual Academy,36,20,17,21,1,3
The U School: Innovative Lab,49,40,38,41,1,2
The Workshop School,49,15,14,16,1,1
Thomas Jefferson HS,206,173,171,174,1,2
Tidioute Community CS,21,17,17,17,0,0
Titusville SHS,135,70,64,76,6,6
Towanda Area JSHS,111,72,68,78,6,4
Tredyffrin-Easttown SD,20,7,6,7,0,1
Trinity Area SD,1,0,0,0,0,0
Trinity SHS,245,168,160,175,7,8
Tri-Valley JSHS,71,46,46,54,8,0
Troy Area JSHS,97,57,57,60,3,0
Truman SHS,370,215,215,232,17,0
Tulpehocken Area SD,1,0,0,0,0,0
Tulpehocken JSHS,111,58,58,62,4,0
Tunkhannock HS,184,127,124,132,5,3
Turkeyfoot Valley Area JSHS,26,12,12,12,0,0
Tuscarora SD,2,0,0,0,0,0
Tussey Mountain HS,74,37,32,37,0,5
Twin Valley HS,266,191,180,195,4,11
Twin Valley SD,17,4,4,6,2,0
Tyrone Area HS,131,83,79,88,5,4
Union Area HS,42,31,30,34,3,1
Union Area SD,3,1,1,1,0,0
Union City HS,78,35,35,35,0,0
Union HS,38,21,20,25,4,1
Union SD,1,0,0,0,0,0
Uniontown Area SD,5,1,1,1,0,0
Uniontown Area SHS,169,93,93,107,14,0
Unionville HS,355,341,341,342,1,0
Unionville-Chadds Ford SD,1,0,0,0,0,0
United JSHS,75,30,30,32,2,0
United SD,2,0,0,0,0,0
Universal Audenried Charter School,108,0,0,0,0,0
Upper Adams SD,7,0,0,1,1,0
Upper Darby SD,26,9,9,9,0,0
Upper Darby SHS,836,517,509,520,3,8
Upper Dauphin Area HS,90,59,59,59,0,0
Upper Dauphin Area SD,1,0,0,0,0,0
Upper Dublin HS,369,350,344,352,2,6
Upper Dublin SD,2,0,0,0,0,0
Upper Merion Area SD,17,3,3,3,0,0
Upper Merion HS,255,220,217,220,0,3
Upper Moreland HS,238,192,192,194,2,0
Upper Perkiomen HS,222,146,146,148,2,0
Upper Perkiomen SD,6,0,0,0,0,0
Upper Saint Clair HS,336,311,311,311,0,0
Upper Saint Clair SD,3,0,0,0,0,0
Urban Pathways 6-12 CS,41,37,35,39,2,2
Valley JSHS,116,86,77,86,0,9
Valley View HS,160,112,110,113,1,2
Valley View SD,2,0,0,0,0,0
Wallenpaupack Area HS,274,175,171,182,7,4
Wallingford-Swarthmore SD,5,0,0,0,0,0
Warren Area HS,178,103,97,108,5,6
Warrior Run HS,120,70,70,77,7,0
Warwick SHS,352,238,237,241,3,1
Washington George HS,266,191,179,196,5,12
Washington HS,91,58,58,65,7,0
Washington SD,7,0,0,0,0,0
Wattsburg Area SD,2,1,1,1,0,0
Wayne Highlands SD,17,10,10,10,0,0
Waynesboro Area SD,7,0,0,0,0,0
Waynesboro Area SHS,292,157,151,163,6,6
Waynesburg Central HS,127,77,77,77,0,0
Weatherly Area SD,2,0,0,0,0,0
Weatherly Area SHS,50,31,31,32,1,0
Wellsboro Area HS,107,77,72,79,2,5
West Allegheny SHS,255,223,220,225,2,3
West Branch Area JSHS,73,46,43,46,0,3
West Chester Area SD,31,1,1,1,0,0
West Chester Bayard Rustin HS,306,283,283,287,4,0
West Chester East HS,303,275,275,283,8,0
West Chester Henderson HS,285,262,262,264,2,0
West Forest JSHS,20,16,15,16,0,1
West Greene HS,41,21,21,22,1,0
West Greene SD,2,0,0,0,0,0
West Middlesex Area JSHS,73,51,43,51,0,8
West Middlesex Area SD,1,0,0,0,0,0
West Mifflin Area HS,246,186,174,189,3,12
West Mifflin Area SD,5,0,0,0,0,0
West Perry SHS,163,88,87,89,1,1
West Philadelphia HS,75,47,43,50,3,4
West Scranton HS,193,112,112,120,8,0
West Shamokin JSHS,66,39,38,40,1,1
West Shore SD,2,0,0,0,0,0
West Side CTC,106,50,48,51,1,2
West York Area HS,213,140,124,147,7,16
West York Area SD,6,0,0,0,0,0
Western Beaver Co JSHS,56,32,29,34,2,3
Western Beaver County SD,2,0,0,0,0,0
Western Wayne HS,147,102,97,104,2,5
Westinghouse Arts Academy CS,5,1,1,2,1,0
Westmont Hilltop JSHS,102,92,92,92,0,0
Whitehall HS,348,260,256,260,0,4
Whitehall-Coplay SD,4,0,0,0,0,0
Widener Memorial Sch,10,0,0,0,0,0
Wilkes-Barre Area SD,32,7,7,7,0,0
William Allen HS,603,313,301,330,17,12
William Penn SD,1,0,0,0,0,0
William Penn SHS,199,123,113,128,5,10
William Tennent HS,408,326,324,336,10,2
Williams Valley JSHS,68,36,29,42,6,7
Williams Valley SD,1,0,0,0,0,0
Williamsburg Community JSHS,29,13,10,15,2,3
Williamsburg Community SD,2,0,0,0,0,0
Williamson SHS,83,55,55,59,4,0
Williamsport Area SD,2,0,0,0,0,0
Williamsport Area SHS,334,153,153,153,0,0
Wilmington Area HS,92,62,57,62,0,5
Wilmington Area SD,2,0,0,0,0,0
Wilson  SD,2,0,0,0,0,0
Wilson Area HS,167,143,141,144,1,2
Wilson Area SD,2,0,0,0,0,0
Wilson HS,489,290,290,294,4,0
Windber Area HS,86,57,56,63,6,1
Windber Area SD,3,0,0,0,0,0
Wissahickon SD,17,2,2,3,1,0
Wissahickon SHS,337,313,312,315,2,1
Woodland Hills JSHS,255,188,182,197,9,6
Woodland Hills SD,7,1,1,4,3,0
Wyalusing Valley JSHS,88,50,49,50,0,1
Wyoming Area Sec Ctr,140,113,110,114,1,3
Wyoming Valley West SD,1,0,0,0,0,0
Wyoming Valley West SHS,286,201,193,202,1,8
Wyomissing Area JSHS,166,134,133,136,2,1
Wyomissing Area SD,5,1,1,1,0,0
York City SD,22,1,1,2,1,0
York Co School of Technology,358,165,154,169,4,11
York Suburban SD,16,8,6,10,2,2
York Suburban SHS,196,148,148,150,2,0
Yough SD,1,0,0,0,0,0
Yough SHS,177,126,116,126,0,10
Youngsville HS,65,33,33,34,1,0
Youth Build Phila CS,139,14,12,20,6,2
