name,graduation_count,college_bound,two_or_four_year_college_or_university,total_postsecondary_bound,non_degree_granting_postsecondary_school,specialized_associate_degree_granting_institution
21st Century Cyber CS,216,115,113,131,16,2
Abington Heights HS,242,213,210,213,0,3
Abington Heights SD,3,0,0,0,0,0
Abington SD,4,0,0,0,0,0
Abington SHS,567,464,462,465,1,2
Academy at Palumbo,225,208,203,212,4,5
Academy at Westinghouse,88,3,3,3,0,0
Academy Park HS,292,0,0,1,1,0
Achievement House CS,100,37,32,53,16,5
ACT Academy Cyber CS,12,0,0,0,0,0
Agora Cyber CS,677,311,302,379,68,9
Agora Cyber CS,2,0,0,0,0,0
Albert Gallatin Area SHS,259,111,111,144,33,0
Aliquippa JSHS,69,27,27,27,0,0
Allegheny-Clarion Valley HS,58,35,34,36,1,1
Allegheny-Clarion Valley SD,9,0,0,0,0,0
Allentown City SD,122,46,45,56,10,1
Altoona Area HS,492,284,266,303,19,18
Altoona Area SD,2,0,0,0,0,0
Ambridge Area HS,174,114,112,120,6,2
Ambridge Area SD,4,0,0,0,0,0
Annville Cleona HS,109,74,74,77,3,0
Annville-Cleona SD,2,0,0,0,0,0
Antietam MS/HS,61,41,38,43,2,3
Apollo-Ridge HS,75,48,48,51,3,0
Apollo-Ridge SD,5,0,0,0,0,0
Armstrong JSHS,207,134,133,136,2,1
Armstrong SD,6,0,0,0,0,0
Arts Academy at Benjamin Rush,141,127,124,131,4,3
ASPIRA Bilingual Cyber Charter School,91,40,40,46,6,0
Athens Area HS,140,77,76,81,4,1
Austin Area JSHS,16,11,10,11,0,1
Avella Area JSHS,42,30,23,30,0,7
Avon Grove CS,74,59,59,60,1,0
Avon Grove CS,3,0,0,0,0,0
Avon Grove HS,424,368,355,372,4,13
Avon Grove SD,11,1,1,1,0,0
Avonworth HS,122,117,116,117,0,1
Avonworth SD,1,0,0,0,0,0
Bald Eagle Area JSHS,131,66,64,69,3,2
Baldwin SHS,322,257,251,258,1,6
Bangor Area HS,227,156,156,157,1,0
Bartram John - Main,96,26,23,30,4,3
Beaver Area SD,2,0,0,0,0,0
Beaver Area SHS,180,144,142,148,4,2
Beaver Falls Area SHS,103,65,63,68,3,2
Bedford SHS,137,67,65,73,6,2
Belle Vernon Area HS,185,126,118,135,9,8
Belle Vernon Area SD,1,0,0,0,0,0
Bellefonte Area HS,204,132,123,137,5,9
Bellwood-Antis HS,93,62,62,62,0,0
Bensalem Township SD,10,0,0,0,0,0
Bensalem Twp HS,462,351,349,362,11,2
Benton Area HS,38,19,19,21,2,0
Bentworth SD,1,0,0,0,0,0
Bentworth SHS,77,43,43,58,15,0
Berlin Brothersvalley SHS,59,31,31,35,4,0
Bermudian Springs HS,159,82,79,84,2,3
Bermudian Springs SD,2,1,1,1,0,0
Berwick Area HS,166,112,111,112,0,1
Berwick Area SD,3,0,0,0,0,0
Bethel Park HS,340,282,282,282,0,0
Bethel Park SD,2,0,0,0,0,0
Bethlehem Area SD,12,1,1,2,1,0
Bethlehem-Center SD,1,0,0,0,0,0
Bethlehem-Center SHS,104,70,61,72,2,9
Big Beaver Falls Area SD,1,0,0,0,0,0
Big Spring HS,194,118,114,118,0,4
Big Spring SD,2,0,0,0,0,0
Biglerville HS,133,78,78,80,2,0
Blackhawk HS,150,120,116,122,2,4
Blackhawk SD,3,0,0,1,1,0
Blacklick Valley JSHS,35,23,20,23,0,3
Blacklick Valley SD,1,0,0,0,0,0
Blairsville SHS,69,36,36,38,2,0
Blairsville-Saltsburg SD,3,0,0,0,0,0
Bloomsburg Area HS,74,55,55,55,0,0
Bloomsburg Area SD,5,0,0,0,0,0
Blue Mountain HS,202,125,110,127,2,15
Blue Mountain SD,2,0,0,0,0,0
Blue Ridge HS,61,44,44,44,0,0
Bodine William W HS,95,81,80,82,1,1
Boiling Springs HS,169,113,113,115,2,0
Boyertown Area SD,23,4,3,4,0,1
Boyertown Area SHS,485,361,359,366,5,2
Boys Latin of Philadelphia CS,67,47,47,49,2,0
Bradford Area HS,178,118,111,122,4,7
Bradford Area SD,6,0,0,0,0,0
Brandywine Heights HS,115,79,74,80,1,5
Brentwood Borough SD,5,3,3,3,0,0
Brentwood SHS,74,26,25,26,0,1
Bristol Borough SD,12,3,3,3,0,0
Bristol HS,59,39,39,42,3,0
Bristol Township SD,19,0,0,0,0,0
Brockway Area JSHS,63,35,30,35,0,5
Brookville Area SD,1,0,0,0,0,0
Brookville JSHS,116,76,71,79,3,5
Brownsville Area HS,103,69,55,70,1,14
Bucks County Technical High School,337,215,186,216,1,29
Bucktail HS,35,15,10,15,0,5
Building 21,65,43,41,47,4,2
Building 21 Allentown,89,66,66,69,3,0
Burgettstown Area SD,1,0,0,0,0,0
Burgettstown MS/HS,69,43,43,47,4,0
Burrell HS,143,114,113,115,1,1
Butler Area SD,17,5,5,5,0,0
Butler Area SHS,479,360,347,396,36,13
California Area SHS,59,37,37,47,10,0
Cambria Heights SHS,112,78,73,81,3,5
Cambridge Springs JSHS,55,33,33,39,6,0
Cameron County JSHS,44,19,19,19,0,0
Camp Hill SHS,82,76,76,76,0,0
Canon-McMillan SD,8,0,0,0,0,0
Canon-McMillan SHS,357,270,270,270,0,0
Canton JSHS,56,21,19,21,0,2
Capital Area School for the Arts Charter,49,35,35,38,3,0
Carbon Career & Technical Institute,79,37,37,37,0,0
Carbondale Area JSHS,94,64,64,67,3,0
Carbondale Area SD,2,1,1,2,1,0
Carlisle Area HS,347,250,242,251,1,8
Carlisle Area SD,4,0,0,0,0,0
Carlynton JSHS,90,52,51,54,2,1
Carmichaels Area HS,63,35,31,36,1,4
Carver HS,212,189,184,191,2,5
Catasauqua SHS,103,60,57,61,1,3
Cedar Cliff HS,292,189,189,189,0,0
Cedar Crest HS,366,258,238,269,11,20
Centennial SD,7,0,0,0,0,0
Center for Student Lrng CS Pennsbury,30,12,12,15,3,0
Central Bucks HS-East,506,477,477,477,0,0
Central Bucks HS-South,595,533,533,534,1,0
Central Bucks HS-West,472,400,399,402,2,1
Central Bucks SD,17,0,0,0,0,0
Central Cambria HS,127,98,94,102,4,4
Central Cambria SD,2,0,0,0,0,0
Central Columbia SHS,131,108,105,108,0,3
Central Dauphin East SHS,325,139,139,139,0,0
Central Dauphin SD,6,0,0,0,0,0
Central Dauphin SHS,403,325,323,328,3,2
Central Greene SD,4,0,0,0,0,0
Central HS,131,81,74,89,8,7
Central HS,545,473,471,475,2,2
Central Mountain HS,280,147,141,148,1,6
Central PA Digital Lrng Foundation CS,16,4,4,5,1,0
Central Valley HS,149,101,97,105,4,4
Central York HS,481,373,356,385,12,17
Central York SD,5,0,0,0,0,0
Chambersburg Area Career Magnet Sch,172,64,64,65,1,0
Chambersburg Area SD,9,0,0,0,0,0
Chambersburg Area SHS,490,246,242,248,2,4
Charleroi Area HS,93,63,63,63,0,0
Charleroi SD,2,0,0,0,0,0
Charter High School for Architecture and,104,96,96,96,0,0
Chartiers Valley HS,237,182,179,187,5,3
Chartiers Valley SD,4,0,0,0,0,0
Chartiers-Houston JSHS,70,50,44,55,5,6
Cheltenham HS,310,254,253,257,3,1
Cheltenham SD,13,0,0,0,0,0
Chester CS for the Arts,45,40,37,43,3,3
Chester HS,174,97,97,99,2,0
Chester-Upland SD,6,1,1,1,0,0
Chestnut Ridge SD,1,0,0,0,0,0
Chestnut Ridge SHS,115,68,59,73,5,9
Chichester SD,6,0,0,0,0,0
Chichester SHS,220,148,144,158,10,4
City CHS,125,101,99,104,3,2
Clairton City SD,2,0,0,0,0,0
Clairton MS/HS,43,23,19,23,0,4
Clarion Area JSHS,68,47,45,47,0,2
Clarion Area SD,3,1,1,1,0,0
Clarion-Limestone Area JSHS,56,41,40,43,2,1
Claysburg-Kimmel HS,80,35,23,39,4,12
Clearfield Area JSHS,144,90,76,90,0,14
Clearfield Area SD,2,0,0,0,0,0
Coatesville Area SD,17,1,1,1,0,0
Coatesville Area SD Cyber Academy,25,2,2,2,0,0
Coatesville Area SHS,435,310,288,336,26,22
Cocalico SD,3,0,0,0,0,0
Cocalico SHS,255,160,156,162,2,4
Cochranton JSHS,83,51,46,51,0,5
Collegium CS,87,70,70,76,6,0
Collegium CS,2,0,0,0,0,0
Colonial SD,8,3,1,3,0,2
Columbia Borough SD,6,0,0,0,0,0
Columbia HS,85,53,37,53,0,16
Columbia-Montour AVTS,134,35,35,43,8,0
Commodore Perry JSHS,31,22,12,22,0,10
Commonwealth Charter Academy CS,840,12,12,13,1,0
Community Academy of Philadelphia CS,141,86,86,92,6,0
Conemaugh Twp Area MS/SHS,91,45,42,50,5,3
Conemaugh Valley JSHS,75,39,39,41,2,0
Conemaugh Valley SD,2,0,0,0,0,0
Conestoga SHS,514,502,502,503,1,0
Conestoga Valley SD,20,3,3,3,0,0
Conestoga Valley SHS,312,231,230,232,1,1
Conewago Valley SD,2,0,0,0,0,0
Conneaut Area Senior High,167,72,71,81,9,1
Conneaut SD,1,0,0,0,0,0
Connellsville Area Career & Technical Ce,86,23,14,24,1,9
Connellsville Area SD,1,0,0,0,0,0
Connellsville Area SHS,267,168,157,170,2,11
Conrad Weiser Area SD,2,0,0,0,0,0
Conrad Weiser HS,196,139,133,141,2,6
Constitution HS,105,86,80,87,1,6
Cornell HS,38,26,26,27,1,0
Corry Area HS,133,48,45,54,6,3
Corry Area SD,2,0,0,0,0,0
Coudersport Area JSHS,65,34,34,36,2,0
Cougar Academy,12,9,9,9,0,0
Council Rock HS North,435,401,399,403,2,2
Council Rock HS South,500,427,424,433,6,3
Council Rock SD,3,0,0,0,0,0
Cowanesque Valley JSHS,70,37,37,39,2,0
Cranberry Area JSHS,72,40,38,42,2,2
Cranberry Area SD,1,0,0,0,0,0
Crawford Central SD,1,0,0,0,0,0
Creative and Performing Arts,168,29,29,30,1,0
Crestwood SD,8,2,2,2,0,0
Crestwood Secondary Campus,214,166,165,168,2,1
Crispus Attucks CS,62,0,0,0,0,0
Cumberland Valley HS,638,522,518,526,4,4
Cumberland Valley SD,4,1,1,1,0,0
Curwensville Area JSHS,68,38,36,39,1,2
Curwensville Area SD,1,0,0,0,0,0
Dallas SD,5,3,3,4,1,0
Dallas SHS,203,175,175,175,0,0
Dallastown Area SD,12,4,2,4,0,2
Dallastown Area SHS,494,380,372,389,9,8
Daniel Boone Area HS,283,212,208,213,1,4
Daniel Boone Area SD,5,0,0,0,0,0
Danville Area SD,6,1,1,1,0,0
Danville Area SHS,166,129,125,134,5,4
Dauphin County Technical School,264,123,112,130,7,11
Deer Lakes HS,130,88,88,98,10,0
Deer Lakes SD,2,0,0,0,0,0
Delaware Valley HS,361,272,269,285,13,3
Derry Area SD,6,0,0,0,0,0
Derry Area SHS,150,109,94,110,1,15
Derry Township SD,2,0,0,0,0,0
Dobbins AVT HS,117,10,10,10,0,0
Donegal HS,221,155,141,155,0,14
Donegal SD,10,1,1,1,0,0
Dover Area HS,230,146,141,151,5,5
Dover Area SD,2,0,0,0,0,0
Downingtown Area SD,8,0,0,0,0,0
Downingtown HS East Campus,426,386,384,390,4,2
Downingtown HS West Campus,377,319,311,323,4,8
Downingtown STEM Academy,186,186,186,186,0,0
Dr Robert Ketterer CS Inc,42,24,24,32,8,0
Dubois Area SD,2,0,0,0,0,0
Dubois Area SHS,220,110,107,113,3,3
Dunmore JSHS,111,90,90,94,4,0
Dunmore SD,2,0,0,0,0,0
East Allegheny JSHS,108,70,70,70,0,0
East Allegheny SD,2,0,0,0,0,0
East Forest JSHS,22,7,7,9,2,0
East Juniata JSHS,72,37,37,45,8,0
East Lycoming SD,1,0,0,0,0,0
East Pennsboro Area SHS,189,133,133,136,3,0
East Stroudsburg Area SD,1,0,0,0,0,0
East Stroudsburg SHS North,238,158,158,168,10,0
East Stroudsburg SHS South,344,247,238,254,7,9
Eastern Lancaster County SD,1,0,0,0,0,0
Eastern Lebanon Co SHS,161,89,89,90,1,0
Eastern Lebanon County SD,1,0,0,0,0,0
Eastern University Academy Charter Schoo,39,39,39,39,0,0
Eastern York HS,143,94,86,97,3,8
Eastern York SD,5,0,0,0,0,0
Easton Area HS,655,471,467,487,16,4
Edison HS/Fareira Skills,114,42,33,45,3,9
Eisenhower M/HS,76,43,37,44,1,6
Elizabeth Forward SD,2,0,0,0,0,0
Elizabeth Forward SHS,188,123,119,127,4,4
Elizabethtown Area SD,1,0,0,0,0,0
Elizabethtown Area SHS,282,193,181,198,5,12
Elk Lake JSHS,76,47,46,48,1,1
Elmer L Meyers JSHS,133,106,102,108,2,4
Emmaus HS,667,513,507,516,3,6
Ephrata SHS,276,172,160,175,3,12
Erie City SD,5,0,0,0,0,0
Erie HS,447,165,149,178,13,16
Esperanza Academy Charter School,171,79,79,90,11,0
Esperanza Cyber CS,43,24,24,32,8,0
Everett Area HS,99,43,43,47,4,0
Evergreen Community CS,14,13,13,13,0,0
Executive Education Academy Charter Scho,75,50,48,52,2,2
Exeter Township SD,4,0,0,0,0,0
Exeter Twp JHS,2,0,0,0,0,0
Exeter Twp SHS,288,211,209,215,4,2
Fairfield Area HS,90,67,67,70,3,0
Fairfield Area SD,1,0,0,0,0,0
Fairview HS,132,112,112,112,0,0
Fannett-Metal SHS,38,20,20,21,1,0
Farrell Area HS/UMS,43,19,16,28,9,3
Farrell Area SD,1,0,0,0,0,0
Fels Samuel HS,150,110,99,113,3,11
Ferndale Area JSHS,44,27,27,28,1,0
Ferndale Area SD,2,0,0,0,0,0
First Philadelphia Preparatory Charter S,64,34,33,34,0,1
Fleetwood Area SD,4,0,0,0,0,0
Fleetwood SHS,197,145,144,149,4,1
Forbes Road JSHS,31,16,15,16,0,1
Forest Area SD,9,0,0,0,0,0
Forest City Regional HS,64,50,50,50,0,0
Forest Hills JSHS,139,90,86,91,1,4
Fort Cherry JSHS,80,54,51,54,0,3
Fort Cherry SD,2,0,0,0,0,0
Fort LeBoeuf SD,3,0,0,0,0,0
Fort LeBoeuf SHS,171,104,100,113,9,4
Fox Chapel Area HS,325,287,280,288,1,7
Frankford HS,155,88,84,93,5,4
Franklin Area JSHS,137,64,63,74,10,1
Franklin Area SD,4,0,0,0,0,0
Franklin Benjamin HS,83,36,28,41,5,8
Franklin LC,202,133,125,135,2,8
Franklin Regional SD,2,0,0,0,0,0
Franklin Regional SHS,289,250,249,252,2,1
Franklin Towne CHS,257,197,187,197,0,10
Frazier HS,85,51,45,55,4,6
Frazier SD,2,0,0,0,0,0
Freedom Area SD,2,0,0,0,0,0
Freedom Area SHS,98,69,63,73,4,6
Freedom HS,444,357,357,364,7,0
Freeport Area SD,1,0,0,0,0,0
Freeport Area SHS,142,121,109,121,0,12
Freire CS,83,78,78,79,1,0
Freire CS,2,0,0,0,0,0
Furness Horace HS,135,85,80,87,2,5
G A R Memorial JSHS,144,60,59,62,2,1
Galeton Area Sch,30,18,18,19,1,0
Gamp,61,56,55,57,1,1
Garden Spot SHS,239,113,110,117,4,3
Garnet Valley HS,422,378,377,383,5,1
Garnet Valley SD,2,0,0,0,0,0
Gateway SD,2,1,1,1,0,0
Gateway SHS,258,187,180,190,3,7
General McLane HS,176,124,123,125,1,1
George Jr Republic HS,29,8,8,8,0,0
Gettysburg Area HS,232,173,161,181,8,12
Gettysburg Area SD,7,0,0,0,0,0
Gillingham Charter School,14,7,7,7,0,0
Girard HS,128,59,52,62,3,7
Girard SD,1,0,0,0,0,0
Girls HS,250,170,164,174,4,6
Glendale JSHS,70,46,44,48,2,2
Glendale SD,2,0,0,0,0,0
Governor Mifflin SHS,326,228,228,234,6,0
Great Valley HS,303,273,273,277,4,0
Great Valley SD,26,0,0,0,0,0
Greater Johnstown School District's Cybe,14,4,3,4,0,1
Greater Johnstown SD,10,3,3,3,0,0
Greater Johnstown SHS,156,77,64,77,0,13
Greater Latrobe SD,5,0,0,0,0,0
Greater Latrobe SHS,303,234,227,237,3,7
Greater Nanticoke Area SD,10,1,1,1,0,0
Greater Nanticoke Area SHS,170,111,111,112,1,0
Greencastle-Antrim SD,2,0,0,0,0,0
Greencastle-Antrim SHS,232,162,158,165,3,4
Greensburg-Salem HS,185,136,135,136,0,1
Greenville JSHS,116,74,72,77,3,2
Greenwood HS,51,33,33,33,0,0
Grove City Area HS,155,115,109,119,4,6
Grove City Area SD,2,0,0,0,0,0
Halifax Area HS,62,34,32,34,0,2
Hamburg Area HS,164,118,105,121,3,13
Hamburg Area SD,3,0,0,0,0,0
Hampton HS,253,224,224,224,0,0
Hanover Area JSHS,139,83,81,85,2,2
Hanover Area SD,7,0,0,0,0,0
Hanover Public SD,15,1,1,1,0,0
Hanover SHS,109,55,55,55,0,0
Harbor Creek SD,2,0,0,0,0,0
Harbor Creek Senior HS,148,93,93,93,0,0
Harmony Area JSHS,18,7,7,7,0,0
Harrisburg City SD,35,8,8,8,0,0
Harrisburg HS,205,111,109,118,7,2
Harrisburg HS - SciTech Cmp,93,93,93,93,0,0
Harriton SHS,321,312,312,313,1,0
Hatboro-Horsham SD,6,2,2,2,0,0
Hatboro-Horsham SHS,405,339,338,341,2,1
Haverford SHS,437,383,383,395,12,0
Haverford Township SD,3,0,0,0,0,0
Hazleton Area HS,729,517,492,523,6,25
Hempfield Area SD,2,0,0,0,0,0
Hempfield Area SHS,427,337,327,344,7,10
Hempfield SD,4,0,0,0,0,0
Hempfield SHS,553,372,372,424,52,0
Hershey HS,273,231,231,232,1,0
Hickory HS,144,107,101,107,0,6
Highlands SD,5,0,0,0,0,0
Highlands SHS,164,99,88,100,1,11
Hill Freedman World Academy,95,64,63,64,0,1
Hollidaysburg Area SD,9,0,0,0,0,0
Hollidaysburg Area SHS,270,175,174,186,11,1
Homer-Center JSHS,65,47,45,50,3,2
Honesdale HS,167,101,99,106,5,2
HOPE for Hyndman CS,15,9,9,9,0,0
Hopewell SHS,154,113,113,118,5,0
Hughesville JSHS,116,75,75,80,5,0
Huntingdon Area SHS,138,90,76,92,2,14
I-LEAD Charter School,89,0,0,0,0,0
Imhotep Institute CHS,127,83,82,85,2,1
Indiana Area SD,2,0,0,0,0,0
Indiana Area SHS,192,136,128,137,1,8
Innovative Arts Academy CS,32,20,19,22,2,1
Interboro SD,2,0,0,0,0,0
Interboro SHS,289,188,180,196,8,8
Iroquois JSHS,86,38,33,40,2,5
Iroquois SD,1,0,0,0,0,0
James Buchanan HS,167,99,99,101,2,0
James M Coughlin JSHS,208,157,152,157,0,5
Jamestown Area JSHS,41,25,22,27,2,3
Jeannette City SD,3,2,1,2,0,1
Jeannette HS,50,36,28,36,0,8
Jefferson County-DuBois AVTS,75,19,19,20,1,0
Jefferson-Morgan MS/HS,54,32,29,36,4,3
Jenkintown Middle/High School,54,49,49,50,1,0
Jersey Shore Area SD,1,0,0,0,0,0
Jersey Shore Area SHS,151,43,40,50,7,3
Jim Thorpe Area HS,135,104,103,111,7,1
Jim Thorpe Area SD,7,2,2,2,0,0
Johnsonburg Area HS,42,33,27,33,0,6
Juniata SHS,126,57,48,61,4,9
Juniata Valley JSHS,53,33,33,36,3,0
Kane Area HS,81,56,56,56,0,0
Karns City Area SD,8,1,0,1,0,1
Karns City HS,118,68,61,70,2,7
Kennard-Dale HS,173,122,118,124,2,4
Kennett Consolidated SD,3,0,0,0,0,0
Kennett HS,299,227,225,240,13,2
Kensington Creative & Performing Arts HS,91,55,49,58,3,6
Kensington Health Sciences,80,15,15,16,1,0
Kensington HS,72,27,24,29,2,3
Keystone Education Center CS,27,7,3,9,2,4
Keystone JSHS,74,35,33,40,5,2
Keystone Oaks HS,150,120,114,124,4,6
Keystone Oaks SD,3,0,0,0,0,0
Kimmel Alternative School,4,1,0,1,0,1
King Martin Luther HS,98,38,33,42,4,5
KIPP DuBois Charter School,107,91,90,100,9,1
Kiski Area HS,292,188,182,193,5,6
Knoch HS,187,131,130,135,4,1
Kutztown Area SHS,108,77,77,79,2,0
La Academia Partnership Charter School,35,7,6,8,1,1
Lackawanna Trail JSHS,60,39,39,40,1,0
Lackawanna Trail SD,1,0,0,0,0,0
Lakeland JSHS,113,81,80,81,0,1
Lake-Lehman JSHS,131,105,105,108,3,0
Lakeview HS,72,44,44,55,11,0
Lakeview SD,1,0,0,0,0,0
Lampeter-Strasburg SD,5,0,0,0,0,0
Lampeter-Strasburg SHS,248,189,182,194,5,7
Lancaster SD,8,0,0,0,0,0
Lankenau HS,72,36,34,37,1,2
Laurel Highlands SD,1,0,0,0,0,0
Laurel Highlands SHS,224,154,146,157,3,8
Laurel HS,76,53,53,58,5,0
Lawrence County CTC,125,33,33,38,5,0
Lebanon SD,12,0,0,0,0,0
Lebanon SHS,254,81,76,81,0,5
Leechburg Area HS,49,30,25,32,2,5
Leechburg Area SD,1,1,0,1,0,1
Lehigh Valley Academy Regional CS,61,58,58,58,0,0
Lehigh Valley Academy Regional CS,1,0,0,0,0,0
Lehigh Valley Charter High School for th,153,136,136,136,0,0
Lehighton Area HS,155,98,96,110,12,2
Lenape Tech,137,47,43,53,6,4
Lewisburg Area SD,4,0,0,0,0,0
Lewisburg HS,148,118,118,118,0,0
Liberty HS,634,475,468,482,7,7
Ligonier Valley HS,130,96,90,100,4,6
Ligonier Valley SD,3,0,0,0,0,0
Lincoln HS,237,157,141,166,9,16
Lincoln JSHS,119,81,80,88,7,1
Lincoln Leadership Academy Charter Schoo,41,39,39,39,0,0
Lincoln Park Performing Arts CS,143,122,115,122,0,7
Line Mountain HS,85,46,46,46,0,0
Littlestown Area SD,2,0,0,0,0,0
Littlestown SHS,130,80,80,81,1,0
Louis E Dieruff HS,406,238,229,252,14,9
Lower Dauphin HS,264,193,193,196,3,0
Lower Dauphin SD,4,0,0,0,0,0
Lower Merion HS,371,337,337,339,2,0
Lower Merion SD,7,0,0,0,0,0
Lower Moreland HS,183,164,164,169,5,0
Lower Moreland Township SD,1,1,1,1,0,0
Loyalsock Twp SHS,127,94,94,94,0,0
Mahanoy Area JSHS,76,52,48,52,0,4
Manheim Central SD,6,0,0,0,0,0
Manheim Central SHS,217,131,131,133,2,0
Manheim Township SD,7,1,1,1,0,0
Manheim Twp HS,392,316,300,322,6,16
Mapletown JSHS,39,21,21,28,7,0
Maplewood JSHS,89,46,41,48,2,5
Mariana Bracetti Academy CS,132,92,92,93,1,0
Mariana Bracetti Academy CS,2,0,0,0,0,0
Marion Center Area JR/SR HS,98,64,62,70,6,2
Maritime Academy CS,62,45,45,46,1,0
Marple Newtown SD,13,1,1,1,0,0
Marple Newtown SHS,272,232,231,233,1,1
Mars Area SD,1,0,0,0,0,0
Mars Area SHS,234,199,197,207,8,2
MAST Community Charter School,98,90,89,91,1,1
Mastbaum Jules E AVTS,128,58,46,61,3,12
Masterman Julia R Sec Sch,110,108,108,108,0,0
Mastery CHS - Lenfest Campus,64,47,47,53,6,0
Mastery CS - Hardy Williams,79,46,46,46,0,0
Mastery CS - Thomas Campus,89,64,64,70,6,0
Mastery CS -Shoemaker Campus,115,89,89,95,6,0
Mastery CS-Gratz Campus,178,131,129,148,17,2
Mastery CS-Pickett Campus,79,59,56,60,1,3
Math Civics and Sciences CS,69,62,62,68,6,0
McCaskey Campus,595,409,372,425,16,37
McConnellsburg HS,61,32,31,32,0,1
McDowell HS,502,322,316,335,13,6
McGuffey HS,106,56,51,63,7,5
McGuffey SD,2,0,0,0,0,0
McKeesport Area SHS,196,113,107,121,8,6
Meadville Area SHS,189,98,94,104,6,4
Mechanicsburg Area SD,5,0,0,0,0,0
Mechanicsburg Area SHS,283,204,200,207,3,4
Mercer Area SHS,76,47,41,50,3,6
Methacton HS,385,361,361,361,0,0
Meyersdale Area HS,69,29,28,29,0,1
Mid Valley SD,5,0,0,0,0,0
Mid Valley Secondary Center,110,72,72,72,0,0
Middletown Area HS,129,69,64,74,5,5
Midd-West HS,143,68,66,72,4,2
Midd-West SD,1,0,0,0,0,0
Mifflin Co HS,397,172,149,186,14,23
Mifflinburg Area SHS,163,88,86,94,6,2
Millcreek Township SD,4,0,0,0,0,0
Millersburg Area SHS,71,42,42,44,2,0
Millville Area JSHS,49,36,36,36,0,0
Milton HS,167,99,99,101,2,0
Minersville Area JSHS,84,61,51,62,1,10
Mohawk SHS,82,65,61,72,7,4
Monessen City SD,1,0,0,0,0,0
Monessen SHS,52,0,0,0,0,0
Moniteau JSHS,100,67,64,67,0,3
Moniteau SD,1,0,0,0,0,0
Montgomery JSHS,66,41,36,41,0,5
Montour HS,220,174,174,178,4,0
Montour SD,3,0,0,0,0,0
Montoursville Area SD,4,0,0,0,0,0
Montoursville Area SHS,125,86,86,88,2,0
Montrose Area JSHS,116,72,69,74,2,3
Moon Area SD,5,0,0,0,0,0
Moon SHS,298,243,243,244,1,0
Morrisville HS,59,40,40,41,1,0
Moshannon Valley JSHS,69,35,24,35,0,11
Moshannon Valley SD,1,0,0,0,0,0
Motivation HS,83,45,38,49,4,7
Mount Carmel Area HS,82,49,49,50,1,0
Mount Carmel Area SD,1,0,0,0,0,0
Mount Pleasant Area HS,149,0,0,0,0,0
Mount Pleasant Area SD,9,0,0,0,0,0
Mount Union Area SHS,98,55,51,63,8,4
Mountain View JSHS,67,31,31,34,3,0
Mountain View SD,2,0,0,0,0,0
Mt Lebanon SD,3,1,1,1,0,0
Mt Lebanon SHS,452,412,409,416,4,3
Muhlenberg HS,277,209,204,210,1,5
Muhlenberg SD,1,0,0,0,0,0
Multicultural Academy CS,52,48,48,50,2,0
Muncy JSHS,65,40,40,40,0,0
Muncy SD,1,0,0,0,0,0
Nazareth Area HS,356,292,292,299,7,0
Nazareth Area SD,3,0,0,0,0,0
Neshaminy HS,613,491,491,517,26,0
Neshaminy SD,4,3,3,3,0,0
Neshannock JSHS,91,80,79,82,2,1
Neshannock Township SD,1,1,1,1,0,0
New Brighton Area HS,98,62,55,64,2,7
New Castle Area SD,23,0,0,0,0,0
New Castle SHS,166,112,106,112,0,6
New Day Charter School,24,0,0,0,0,0
New Foundations CS,169,137,134,141,4,3
New Hope-Solebury HS,136,126,126,127,1,0
New Kensington-Arnold SD,2,0,0,0,0,0
New Oxford SHS,279,209,194,210,1,15
Newport HS,76,52,52,52,0,0
Norristown Area HS,324,253,239,253,0,14
Norristown Area SD,12,1,1,1,0,0
North Allegheny HS,687,636,636,638,2,0
North Allegheny SD,1,0,0,0,0,0
North Clarion Co JSHS,47,28,27,31,3,1
North East HS,113,67,64,72,5,3
North East SD,2,0,0,0,0,0
North Hills SHS,334,266,265,275,9,1
North Penn SD,1,0,0,0,0,0
North Penn SHS,1063,902,902,909,7,0
North Penn-Liberty JSHS,59,29,29,32,3,0
North Penn-Mansfield JSHS,98,54,51,56,2,3
North Pocono HS,242,196,196,196,0,0
North Pocono SD,3,0,0,0,0,0
North Schuylkill JSHS,131,88,88,88,0,0
North Star HS,81,35,34,39,4,1
Northampton Area HS,461,367,361,375,8,6
Northeast Bradford JSHS,63,30,28,32,2,2
Northeast HS,565,425,407,433,8,18
Northeastern SHS,262,190,185,195,5,5
Northeastern York SD,2,0,0,0,0,0
Northern Bedford County HS,54,31,30,32,1,1
Northern Cambria HS,69,43,40,43,0,3
Northern HS,231,171,165,174,3,6
Northern Lebanon SD,4,0,0,0,0,0
Northern Lebanon SHS,153,83,77,84,1,6
Northern Lehigh SD,7,0,0,0,0,0
Northern Lehigh SHS,128,98,93,99,1,5
Northern Potter JSHS,32,15,13,15,0,2
Northern York County SD,6,0,0,1,1,0
Northgate MSHS,70,60,60,61,1,0
Northgate SD,3,0,0,0,0,0
Northwest Area HS,60,42,42,42,0,0
Northwest Area SD,2,0,0,0,0,0
Northwest PA Collegiate Academy,171,167,166,167,0,1
Northwestern Lehigh HS,190,148,146,150,2,2
Northwestern Lehigh SD,4,1,1,1,0,0
Northwestern SHS,104,54,53,54,0,1
Norwin SD,4,0,0,0,0,0
Norwin SHS,387,311,303,314,3,8
Octorara Area JSHS,167,118,118,120,2,0
Octorara Area SD,14,0,0,0,0,0
Oil City Area SD,10,0,0,0,0,0
Oil City SHS,142,77,75,80,3,2
Old Forge JSHS,68,53,53,55,2,0
Oley Valley SD,7,0,0,0,0,0
Oley Valley SHS,134,98,98,99,1,0
Olney Charter High School,433,222,221,261,39,1
Oswayo Valley HS,43,23,23,24,1,0
Otto-Eldred JSHS,52,38,37,39,1,1
Overbrook HS,76,48,46,48,0,2
Owen J Roberts HS,394,334,329,336,2,5
Owen J Roberts SD,23,5,5,5,0,0
Oxford Area HS,313,201,200,211,10,1
Palisades HS,150,127,127,127,0,0
Palisades SD,4,0,0,0,0,0
Palmerton Area HS,107,83,80,84,1,3
Palmerton Area SD,4,1,1,1,0,0
Palmyra Area SD,1,0,0,0,0,0
Palmyra Area SHS,262,193,193,197,4,0
Panther Valley JSHS,96,65,61,67,2,4
Parkland HS,772,670,670,680,10,0
Parkland SD,2,1,1,1,0,0
Parkway Center City Middle College,108,93,88,93,0,5
Parkway Northwest,50,35,34,36,1,1
Parkway West,52,41,38,43,2,3
Paul Robeson HS for Human Services,70,58,55,58,0,3
Pen Argyl Area HS,132,109,107,109,0,2
Penn Cambria HS,131,96,96,103,7,0
Penn Cambria SD,4,0,0,0,0,0
Penn Hills SD,9,0,0,0,0,0
Penn Hills SHS,300,235,227,244,9,8
Penn Manor HS,409,283,265,287,4,18
Penn Manor SD,13,1,1,1,0,0
Penn Trafford HS,314,268,263,270,2,5
Penn Treaty Sch,65,25,22,29,4,3
Penn Wood HS,323,240,225,240,0,15
Penncrest HS,330,307,306,311,4,1
Penncrest SD,3,0,0,0,0,0
Penn-Delco SD,4,0,0,0,0,0
Pennridge HS,589,485,483,487,2,2
Pennridge SD,16,0,0,0,0,0
Penns Manor Area JSHS,59,29,27,30,1,2
Penns Manor Area SD,2,0,0,0,0,0
Penns Valley Area JSHS,110,80,71,80,0,9
Pennsbury HS,753,607,606,616,9,1
Pennsbury SD,13,0,0,0,0,0
Pennsylvania Cyber CS,1173,548,465,566,18,83
Pennsylvania Cyber CS,2,0,0,0,0,0
Pennsylvania Distance Learning CS,59,36,35,40,4,1
Pennsylvania Leadership CS,345,223,223,246,23,0
Pennsylvania Virtual CS,193,103,95,114,11,8
People for People CS,16,13,13,14,1,0
Pequea Valley HS,112,69,61,75,6,8
Pequea Valley SD,6,2,2,2,0,0
Perkiomen Valley HS,462,367,361,370,3,6
Perseus House CS of Excellence,88,65,55,69,4,10
Peters Township SD,6,0,0,0,0,0
Peters Twp HS,372,345,345,354,9,0
Philadelphia Academy CS,85,57,57,63,6,0
Philadelphia City SD,918,62,53,68,6,9
Philadelphia Electrical & Tech CHS,146,92,92,100,8,0
Philadelphia Electrical & Tech CHS,2,0,0,0,0,0
Philadelphia Learning Academy - North,13,0,0,0,0,0
Philadelphia Learning Academy - South,13,8,7,8,0,1
Philadelphia Military Acad at Elverson,43,29,24,31,2,5
Philadelphia Performing Arts CS,158,154,154,157,3,0
Philipsburg-Osceola Area HS,112,60,52,62,2,8
Philipsburg-Osceola Area SD,1,0,0,0,0,0
Phoenix Academy,117,11,11,11,0,0
Phoenixville Area HS,252,216,216,223,7,0
Phoenixville Area SD,7,0,0,0,0,0
Pine Grove Area HS,116,63,63,65,2,0
Pine-Richland HS,411,362,362,369,7,0
Pittsburgh Allderdice HS,356,104,104,105,1,0
Pittsburgh Brashear HS,289,1,1,1,0,0
Pittsburgh CAPA 6-12,125,119,119,120,1,0
Pittsburgh Carrick HS,174,57,54,60,3,3
Pittsburgh Conroy,10,0,0,0,0,0
Pittsburgh Milliones 6-12,74,8,7,9,1,1
Pittsburgh Obama 6-12,115,81,81,81,0,0
Pittsburgh Oliver,14,0,0,0,0,0
Pittsburgh Online Academy,31,1,1,1,0,0
Pittsburgh Perry HS,112,5,4,6,1,1
Pittsburgh Pioneer,8,0,0,0,0,0
Pittsburgh Science and Technology Academ,76,4,4,4,0,0
Pittsburgh SD,4,0,0,0,0,0
Pittston Area SHS,236,186,184,196,10,2
Pleasant Valley HS,374,297,290,309,12,7
Plum Borough SD,1,0,0,0,0,0
Plum SHS,291,221,217,224,3,4
Plymouth-Whitemarsh SHS,364,317,316,318,1,1
Pocono Mountain East HS,361,216,212,219,3,4
Pocono Mountain SD,4,0,0,0,0,0
Pocono Mountain West HS,414,260,260,277,17,0
Port Allegany JSHS,39,21,21,21,0,0
Portage Area JSHS,69,42,34,43,1,8
Pottsgrove SD,3,0,0,0,0,0
Pottsgrove SHS,229,171,164,171,0,7
Pottstown SD,2,0,0,0,0,0
Pottstown SHS,166,79,79,89,10,0
Pottsville Area HS,202,109,104,117,8,5
Pottsville Area SD,1,0,0,0,0,0
Preparatory CS of Mathematics Science Te,131,78,78,79,1,0
Price,1,1,1,1,0,0
Propel CS-Braddock Hills,39,31,30,34,3,1
Propel CS-Homestead,33,26,26,29,3,0
Punxsutawney Area HS,137,72,72,90,18,0
Punxsutawney Area SD,3,0,0,0,0,0
Purchase Line JSHS,58,22,21,22,0,1
Quaker Valley HS,173,143,143,143,0,0
Quaker Valley SD,5,1,1,1,0,0
Quakertown Community HS,391,303,302,306,3,1
Quakertown Community SD,5,0,0,0,0,0
Radnor SHS,285,262,262,265,3,0
Radnor Township SD,2,0,0,0,0,0
Randolph A. Philip AVT HS,76,40,32,42,2,8
Reach Cyber CS,242,0,0,0,0,0
Reading SD,11,0,0,0,0,0
Reading SHS,887,425,406,448,23,19
Red Land SHS,277,193,189,194,1,4
Red Lion Area SD,16,0,0,0,0,0
Red Lion Area SHS,355,234,225,243,9,9
Redbank Valley HS,91,0,0,0,0,0
Redbank Valley SD,4,0,0,0,0,0
Renaissance Academy CS,63,57,56,57,0,1
Renaissance Academy CS,1,1,1,1,0,0
Reynolds JSHS,81,47,47,50,3,0
Richland HS,114,76,71,76,0,5
Richland SD,1,0,0,0,0,0
Ridgway Area HS,73,44,42,44,0,2
Ridley HS,436,343,319,346,3,24
Ridley SD,8,1,1,1,0,0
Ringgold SD,11,0,0,0,0,0
Ringgold SHS,217,115,113,121,6,2
Riverside HS,123,69,63,70,1,6
Riverside JSHS,103,64,64,68,4,0
Riverview JSHS,64,47,44,48,1,3
Riverview SD,1,0,0,0,0,0
Roberto Clemente CS,41,36,36,40,4,0
Rochester Area SD,2,0,0,0,0,0
Rochester High School,52,32,32,40,8,0
Rockwood Area JSHS,62,30,27,30,0,3
Rocky Grove JSHS,79,47,29,47,0,18
Roosevelt Altern Sch,76,46,37,46,0,9
Roxborough HS,135,82,79,84,2,3
Saegertown JSHS,81,43,41,51,8,2
Saint Marys Area SD,1,0,0,0,0,0
Salisbury SHS,130,100,100,100,0,0
Salisbury Township SD,1,1,1,1,0,0
Salisbury-Elk Lick JSHS,18,6,5,6,0,1
Saltsburg MS/HS,36,29,29,30,1,0
Sankofa Freedom Academy Charter School,35,31,31,33,2,0
Saucon Valley SD,3,1,1,1,0,0
Saucon Valley SHS,162,128,127,130,2,1
Saul W B Agricultural School,110,68,65,69,1,3
Sayre Area HS,75,51,51,56,5,0
Sayre William L MS,53,28,26,30,2,2
School Lane CS,71,53,53,57,4,0
School of the Future,91,53,52,54,1,1
Schuylkill Haven SHS,98,64,54,64,0,10
Schuylkill Valley HS,137,115,115,115,0,0
Schuylkill Valley SD,4,0,0,0,0,0
Science Leadership Academy,120,104,103,104,0,1
Scranton HS,406,226,225,243,17,1
Scranton SD,31,6,6,6,0,0
Selinsgrove Area HS,188,126,126,126,0,0
Selinsgrove Area SD,1,0,0,0,0,0
Seneca HS,98,49,48,52,3,1
Seneca Valley HS,588,496,495,526,30,1
Seneca Valley SD,1,1,1,1,0,0
Shade JSHS,37,19,19,21,2,0
Shaler Area HS,311,225,223,243,18,2
Shaler Area SD,3,0,0,0,0,0
Shamokin Area HS,145,88,87,89,1,1
Shamokin Area SD,1,0,0,0,0,0
Shanksville-Stonycreek HS,26,16,16,16,0,0
Shanksville-Stonycreek SD,1,0,0,0,0,0
Sharon HS,125,80,80,82,2,0
Sharpsville Area SD,1,0,0,0,0,0
Sharpsville Area SHS,93,71,67,71,0,4
Sheffield M/HS,35,15,14,16,1,1
Shenandoah Valley JSHS,82,48,44,49,1,4
Shenango Area SD,2,0,0,0,0,0
Shenango HS,78,56,51,57,1,5
Shikellamy HS,150,90,90,91,1,0
Shippensburg Area SHS,248,159,155,166,7,4
Slippery Rock Area HS,154,103,103,110,7,0
Slippery Rock Area SD,1,0,0,0,0,0
Smethport Area JSHS,71,0,0,0,0,0
Solanco HS,270,138,133,141,3,5
Solanco SD,1,0,0,0,0,0
Somerset Area Jr-Sr HS,186,111,103,111,0,8
Souderton Area SD,28,5,5,5,0,0
Souderton Area SHS,550,447,447,447,0,0
South Allegheny MS/HS,116,83,83,88,5,0
South Allegheny SD,1,0,0,0,0,0
South Butler County SD,1,0,0,0,0,0
South Eastern SD,7,0,0,3,3,0
South Fayette Township SD,6,0,0,0,0,0
South Fayette Twp HS,203,188,186,195,7,2
South Park SD,4,0,0,0,0,0
South Park SHS,139,111,111,111,0,0
South Philadelphia HS,104,46,44,48,2,2
South Side HS,70,50,50,50,0,0
South Western SD,11,0,0,0,0,0
South Western SHS,280,183,180,196,13,3
South Williamsport Area JSHS,88,58,58,60,2,0
Southeast Delco SD,4,0,0,0,0,0
Southeastern Greene SD,3,0,0,0,0,0
Southern Columbia HS,105,84,84,88,4,0
Southern Fulton JSHS,50,24,24,28,4,0
Southern Huntingdon Co HS/MS,92,56,55,57,1,1
Southern Lehigh SD,4,1,1,1,0,0
Southern Lehigh SHS,261,216,216,218,2,0
Southern York County SD,7,1,1,1,0,0
Southmoreland SD,6,0,0,0,0,0
Southmoreland SHS,122,63,59,65,2,4
Spectrum CS,1,0,0,0,0,0
Spectrum CS,1,0,0,0,0,0
Spring Cove SD,2,0,0,0,0,0
Spring Grove Area HS,253,153,145,158,5,8
Spring Grove Area SD,2,0,0,0,0,0
Springdale JSHS,65,47,47,47,0,0
Springfield HS,285,250,245,253,3,5
Springfield SD,3,1,1,1,0,0
Springfield Township SD,1,0,0,0,0,0
Springfield Twp HS,187,159,159,163,4,0
Spring-Ford Area SD,20,2,2,2,0,0
Spring-Ford SHS 9-12 Ctr,585,525,521,533,8,4
St Marys Area SHS,147,96,93,100,4,3
State College Area HS,566,440,436,448,8,4
Steel Valley SD,2,0,0,0,0,0
Steel Valley SHS,96,63,58,63,0,5
Steelton-Highspire HS,73,43,43,47,4,0
Steelton-Highspire SD,3,2,2,2,0,0
STEM at Showalter,85,71,65,73,2,6
Sto-Rox JSHS,70,30,25,30,0,5
Strath Haven HS,264,245,243,248,3,2
Strawberry Mansion HS,47,24,21,26,2,3
Stroudsburg HS,420,199,198,199,0,1
Sugar Valley Rural CS,29,18,18,18,0,0
Sullivan Co JSHS,50,30,30,33,3,0
Sun Valley HS,255,216,215,216,0,1
Susq-Cyber CS,16,6,5,8,2,1
Susquehanna Community JSHS,59,35,35,36,1,0
Susquehanna Township SD,19,8,8,8,0,0
Susquehanna Twp HS,190,162,162,163,1,0
Susquehannock HS,228,182,182,186,4,0
Susquenita HS,110,62,62,62,0,0
Swenson Arts & Technology HS,162,110,95,121,11,15
Tacony Academy Charter School,96,79,79,93,14,0
Tamaqua Area SHS,128,103,97,110,7,6
TECH Freire CS,68,59,51,61,2,8
The Linc,40,25,25,25,0,0
The New Academy CS,20,10,10,14,4,0
The Science Leadership Academy at Beeber,113,98,97,100,2,1
The SD of Philadelphia Virtual Academy,70,34,32,38,4,2
The U School: Innovative Lab,43,31,29,34,3,2
The Workshop School,56,40,38,41,1,2
Thomas Jefferson HS,229,191,191,191,0,0
Tidioute Community CS,21,8,8,8,0,0
Titusville SHS,134,67,60,81,14,7
Towanda Area JSHS,133,70,68,80,10,2
Tredyffrin-Easttown SD,16,7,7,8,1,0
Trinity SHS,249,178,174,178,0,4
Tri-Valley JSHS,64,44,39,44,0,5
Tri-Valley SD,1,0,0,0,0,0
Troy Area JSHS,97,52,52,54,2,0
Truman SHS,348,86,86,92,6,0
Tulpehocken Area SD,2,0,0,0,0,0
Tulpehocken JSHS,107,62,62,68,6,0
Tunkhannock HS,198,110,110,123,13,0
Turkeyfoot Valley Area JSHS,30,14,14,14,0,0
Tuscarora SD,1,0,0,0,0,0
Tussey Mountain HS,65,23,22,28,5,1
Twin Valley HS,267,197,178,198,1,19
Twin Valley SD,20,3,2,3,0,1
Tyrone Area HS,134,73,67,77,4,6
Union Area HS,43,30,29,33,3,1
Union Area SD,1,1,1,1,0,0
Union City HS,85,48,48,49,1,0
Union HS,31,17,17,18,1,0
Uniontown Area SD,4,0,0,0,0,0
Uniontown Area SHS,163,86,86,93,7,0
Unionville HS,356,344,344,345,1,0
Unionville-Chadds Ford SD,2,1,1,1,0,0
United JSHS,81,54,46,54,0,8
United SD,7,0,0,0,0,0
Universal Audenried Charter School,80,0,0,0,0,0
Upper Adams SD,2,0,0,0,0,0
Upper Darby SD,22,6,6,6,0,0
Upper Darby SHS,848,678,678,685,7,0
Upper Dauphin Area HS,92,67,61,68,1,6
Upper Dublin HS,358,337,337,337,0,0
Upper Dublin SD,2,0,0,0,0,0
Upper Merion Area SD,23,3,3,3,0,0
Upper Merion HS,270,170,169,171,1,1
Upper Moreland HS,228,198,198,200,2,0
Upper Moreland Township SD,4,1,1,1,0,0
Upper Perkiomen HS,200,143,138,145,2,5
Upper Saint Clair HS,344,319,319,325,6,0
Upper Saint Clair SD,2,0,0,0,0,0
Urban Pathways 6-12 CS,35,23,22,23,0,1
Valley JSHS,119,69,65,77,8,4
Valley View HS,184,135,122,135,0,13
Valley View SD,1,0,0,0,0,0
Wallenpaupack Area HS,281,178,174,186,8,4
Warren Area HS,181,95,90,99,4,5
Warrior Run HS,119,61,61,65,4,0
Warrior Run SD,1,0,0,0,0,0
Warwick SHS,342,214,210,217,3,4
Washington George HS,262,160,148,163,3,12
Washington HS,108,56,53,57,1,3
Washington SD,3,0,0,0,0,0
Wattsburg Area SD,2,0,0,0,0,0
Wayne Highlands SD,5,3,3,3,0,0
Waynesboro Area SD,11,1,1,1,0,0
Waynesboro Area SHS,301,102,102,164,62,0
Waynesburg Central HS,121,82,75,82,0,7
Weatherly Area SD,2,0,0,0,0,0
Weatherly Area SHS,46,34,34,35,1,0
Wellsboro Area HS,120,61,59,64,3,2
West Allegheny SHS,265,209,206,217,8,3
West Branch Area JSHS,101,49,36,51,2,13
West Chester Area SD,28,7,6,8,1,1
West Chester Bayard Rustin HS,311,290,285,292,2,5
West Chester East HS,310,286,283,291,5,3
West Chester Henderson HS,304,276,275,278,2,1
West Forest JSHS,20,5,4,6,1,1
West Greene JSHS,51,29,28,31,2,1
West Middlesex Area JSHS,67,47,47,47,0,0
West Mifflin Area HS,252,171,156,172,1,15
West Mifflin Area SD,4,0,0,0,0,0
West Perry SD,4,0,0,0,0,0
West Perry SHS,178,111,110,113,2,1
West Philadelphia HS,81,10,9,11,1,1
West Scranton HS,206,112,110,114,2,2
West Shamokin JSHS,84,47,44,49,2,3
West Shore SD,3,0,0,0,0,0
West Side CTC,102,52,50,52,0,2
West York Area HS,191,142,138,150,8,4
West York Area SD,14,1,1,1,0,0
Western Beaver Co JSHS,52,33,31,34,1,2
Western Wayne HS,153,102,102,105,3,0
Western Wayne SD,2,0,0,0,0,0
Westinghouse Arts Academy CS,33,27,27,29,2,0
Westmont Hilltop JSHS,107,92,86,92,0,6
Whitehall HS,348,242,242,254,12,0
Whitehall-Coplay SD,2,0,0,0,0,0
Widener Memorial Sch,36,8,7,10,2,1
Wilkes-Barre Area SD,25,2,2,2,0,0
Wilkes-Barre Area SD STEM Academy,15,15,15,15,0,0
William Allen HS,572,300,296,332,32,4
William Penn SD,6,0,0,0,0,0
William Penn SHS,234,196,192,200,4,4
William Tennent HS,439,349,349,366,17,0
Williams Valley JSHS,62,35,33,39,4,2
Williamsburg Community JSHS,34,18,17,19,1,1
Williamson SHS,83,46,46,52,6,0
Williamsport Area SD,2,1,1,1,0,0
Williamsport Area SHS,311,201,201,201,0,0
Wilmington Area HS,89,66,66,66,0,0
Wilmington Area SD,1,0,0,0,0,0
Wilson  SD,1,0,0,0,0,0
Wilson Area HS,159,127,126,129,2,1
Wilson Area SD,4,0,0,0,0,0
Wilson HS,452,288,288,296,8,0
Windber Area HS,88,59,55,62,3,4
Windber Area SD,1,0,0,0,0,0
Wissahickon SD,10,6,6,6,0,0
Wissahickon SHS,302,282,282,283,1,0
Woodland Hills JSHS,237,156,142,165,9,14
Wyalusing Valley JSHS,83,37,37,40,3,0
Wyoming Area SD,9,0,0,0,0,0
Wyoming Area Sec Ctr,175,126,125,131,5,1
Wyoming Valley West SD,6,0,0,0,0,0
Wyoming Valley West SHS,299,228,222,231,3,6
Wyomissing Area JSHS,145,128,127,128,0,1
Wyomissing Area SD,2,0,0,0,0,0
York City SD,9,0,0,0,0,0
York Co School of Technology,350,130,124,132,2,6
York Suburban SD,13,5,4,6,1,1
York Suburban SHS,192,158,158,162,4,0
Yough SD,1,0,0,0,0,0
Yough SHS,145,97,97,105,8,0
Youngsville HS,57,24,23,25,1,1
Youth Build Phila CS,110,9,5,10,1,4
