name,graduation_count,college_bound,two_or_four_year_college_or_university,total_postsecondary_bound,non_degree_granting_postsecondary_school,specialized_associate_degree_granting_institution
21st Century Cyber CS,260,116,116,137,21,0
Abington Heights HS,248,211,208,213,2,3
Abington Heights SD,1,0,0,0,0,0
Abington SHS,596,488,481,488,0,7
Academy at Palumbo,188,136,134,139,3,2
Academy at Westinghouse,85,52,51,57,5,1
Academy Park HS,273,0,0,0,0,0
Achievement House CS,106,37,33,44,7,4
Agora Cyber CS,602,273,266,328,55,7
Agora Cyber CS,1,0,0,0,0,0
Albert Gallatin Area SHS,245,96,95,118,22,1
Aliquippa JSHS,57,0,0,0,0,0
Allegheny-Clarion Valley HS,46,26,25,28,2,1
Allegheny-Clarion Valley SD,16,0,0,0,0,0
Allentown City SD,109,36,34,40,4,2
Altoona Area HS,482,271,252,287,16,19
Ambridge Area HS,189,137,118,137,0,19
Ambridge Area SD,1,0,0,0,0,0
Annville Cleona HS,104,64,64,66,2,0
Annville-Cleona SD,1,0,0,0,0,0
Antietam MS/HS,67,45,45,46,1,0
Antietam SD,1,0,0,0,0,0
Apollo-Ridge HS,60,44,44,45,1,0
Apollo-Ridge SD,8,1,1,1,0,0
Armstrong JSHS,183,82,80,85,3,2
Armstrong SD,2,0,0,0,0,0
Arts Academy at Benjamin Rush,136,81,77,83,2,4
ASPIRA Bilingual Cyber Charter School,47,26,23,27,1,3
Athens Area HS,147,70,69,70,0,1
Austin Area JSHS,11,6,6,6,0,0
Avella Area JSHS,33,22,16,25,3,6
Avon Grove CS,87,69,69,70,1,0
Avon Grove CS,2,0,0,0,0,0
Avon Grove HS,424,89,84,90,1,5
Avon Grove SD,1,0,0,0,0,0
Avonworth HS,114,104,104,104,0,0
Avonworth SD,4,0,0,0,0,0
Bald Eagle Area JSHS,127,58,58,65,7,0
Bald Eagle Area SD,1,0,0,0,0,0
Baldwin SHS,364,283,283,304,21,0
Baldwin-Whitehall SD,7,0,0,1,1,0
Bangor Area HS,215,113,113,113,0,0
Bartram John - Main,142,75,61,83,8,14
Beaver Area SD,2,0,0,0,0,0
Beaver Area SHS,145,92,84,94,2,8
Beaver Falls Area SHS,95,47,41,61,14,6
Bedford SHS,147,62,62,68,6,0
Belle Vernon Area HS,174,121,118,127,6,3
Bellefonte Area HS,190,121,119,122,1,2
Bellwood-Antis HS,100,61,61,61,0,0
Bensalem Township SD,10,0,0,0,0,0
Bensalem Twp HS,465,283,276,290,7,7
Benton Area HS,55,33,29,33,0,4
Benton Area SD,4,0,0,0,0,0
Bentworth SHS,86,56,56,60,4,0
Berlin Brothersvalley SHS,41,18,16,19,1,2
Bermudian Springs HS,139,82,81,87,5,1
Bermudian Springs SD,3,0,0,0,0,0
Berwick Area HS,173,108,106,111,3,2
Berwick Area SD,9,0,0,0,0,0
Bethel Park HS,336,292,292,292,0,0
Bethel Park SD,1,0,0,0,0,0
Bethlehem Area SD,16,2,2,2,0,0
Bethlehem-Center SD,1,1,1,1,0,0
Bethlehem-Center SHS,114,40,36,41,1,4
Big Beaver Falls Area SD,1,0,0,0,0,0
Big Spring HS,200,102,96,102,0,6
Big Spring SD,1,0,0,0,0,0
Biglerville HS,134,92,92,96,4,0
Blackhawk HS,175,137,134,145,8,3
Blackhawk SD,2,0,0,0,0,0
Blacklick Valley JSHS,41,27,23,27,0,4
Blacklick Valley SD,1,0,0,0,0,0
Blairsville SHS,60,26,25,27,1,1
Blairsville-Saltsburg SD,1,0,0,0,0,0
Bloomsburg Area HS,87,60,60,60,0,0
Blue Mountain HS,192,124,116,133,9,8
Blue Ridge HS,67,44,40,44,0,4
Bodine William W HS,139,111,110,113,2,1
Boiling Springs HS,149,92,87,93,1,5
Boyertown Area SD,12,4,4,5,1,0
Boyertown Area SHS,480,334,329,341,7,5
Boys Latin of Philadelphia CS,78,65,64,68,3,1
Bradford Area HS,171,86,79,100,14,7
Bradford Area SD,1,0,0,0,0,0
Brandywine Heights HS,112,74,74,74,0,0
Brentwood Borough SD,1,1,1,1,0,0
Brentwood SHS,90,57,56,60,3,1
Bristol Borough SD,6,0,0,0,0,0
Bristol HS,50,34,34,36,2,0
Bristol Township SD,43,0,0,0,0,0
Brockway Area JSHS,74,40,33,41,1,7
Brockway Area SD,1,0,0,0,0,0
Brookville JSHS,109,57,53,63,6,4
Brownsville Area HS,97,61,53,62,1,8
Bucks County Technical High School,341,188,186,207,19,2
Bucktail HS,27,16,14,16,0,2
Building 21,56,32,31,35,3,1
Building 21 Allentown,96,65,64,70,5,1
Burgettstown Area SD,1,0,0,0,0,0
Burgettstown MS/HS,76,49,49,49,0,0
Burrell HS,146,107,106,112,5,1
Burrell SD,2,1,1,1,0,0
Butler Area SD,15,0,0,0,0,0
Butler Area SHS,429,357,352,363,6,5
California Area SHS,74,45,38,46,1,7
Cambria Heights SHS,106,75,68,77,2,7
Cambridge Springs JSHS,66,36,36,36,0,0
Cameron County JSHS,42,16,14,17,1,2
Camp Hill SHS,99,80,80,80,0,0
Canon-McMillan SD,6,0,0,0,0,0
Canon-McMillan SHS,363,282,256,286,4,26
Canton Area SD,1,0,0,0,0,0
Canton JSHS,78,30,30,35,5,0
Capital Area School for the Arts Charter,47,40,40,40,0,0
Carbon Career & Technical Institute,106,29,28,33,4,1
Carbondale Area JSHS,100,66,57,72,6,9
Carbondale Area SD,3,0,0,0,0,0
Carlisle Area HS,367,247,242,250,3,5
Carlisle Area SD,3,0,0,0,0,0
Carlynton JSHS,98,0,0,0,0,0
Carmichaels Area HS,87,59,55,61,2,4
Carver HS,186,123,122,124,1,1
Catasauqua SHS,90,58,57,59,1,1
Cedar Cliff HS,273,195,185,198,3,10
Cedar Crest HS,387,256,238,260,4,18
Centennial SD,9,0,0,0,0,0
Center for Student Lrng CS Pennsbury,25,5,5,7,2,0
Central Bucks HS-East,490,451,451,453,2,0
Central Bucks HS-South,559,491,490,495,4,1
Central Bucks HS-West,488,420,419,422,2,1
Central Bucks SD,11,0,0,0,0,0
Central Cambria HS,132,89,88,92,3,1
Central Cambria SD,4,0,0,0,0,0
Central Columbia SD,5,0,0,0,0,0
Central Columbia SHS,127,95,94,99,4,1
Central Dauphin East SHS,373,5,5,5,0,0
Central Dauphin SD,2,0,0,0,0,0
Central Dauphin SHS,432,310,301,311,1,9
Central Greene SD,3,0,0,0,0,0
Central HS,140,73,70,79,6,3
Central HS,537,406,405,409,3,1
Central Mountain HS,232,134,120,142,8,14
Central PA Digital Lrng Foundation CS,30,15,15,16,1,0
Central Valley HS,165,119,118,121,2,1
Central Valley SD,3,0,0,0,0,0
Central York HS,472,342,330,351,9,12
Central York SD,7,0,0,0,0,0
Chambersburg Area Career Magnet Sch,175,65,62,69,4,3
Chambersburg Area SD,6,0,0,0,0,0
Chambersburg Area SHS,469,193,193,194,1,0
Charleroi Area HS,106,68,62,68,0,6
Charleroi SD,1,1,0,1,0,1
Charter High School for Architecture and,127,104,97,105,1,7
Chartiers Valley HS,255,175,173,176,1,2
Chartiers Valley SD,4,0,0,0,0,0
Chartiers-Houston JSHS,81,54,53,57,3,1
Cheltenham HS,332,213,208,213,0,5
Cheltenham SD,9,1,1,1,0,0
Chester Charter Scholars Academy CS,46,36,30,39,3,6
Chester HS,173,79,79,80,1,0
Chester-Upland SD,10,0,0,0,0,0
Chestnut Ridge SHS,110,74,63,81,7,11
Chichester SD,11,0,0,0,0,0
Chichester SHS,228,141,133,152,11,8
City CHS,118,88,88,92,4,0
Clairton City SD,3,1,1,1,0,0
Clairton MS/HS,34,16,16,16,0,0
Clarion Area JSHS,53,35,34,35,0,1
Clarion Area SD,2,0,0,0,0,0
Clarion-Limestone Area JSHS,58,37,34,41,4,3
Claysburg-Kimmel HS,61,28,20,28,0,8
Clearfield Area JSHS,145,64,60,64,0,4
Clearfield Area SD,1,0,0,0,0,0
Coatesville Area SD,28,0,0,0,0,0
Coatesville Area SD Cyber Academy,32,10,10,12,2,0
Coatesville Area SHS,412,253,243,286,33,10
Cocalico SHS,197,117,113,117,0,4
Cochranton JSHS,65,26,25,28,2,1
Collegium CS,101,83,83,88,5,0
Collegium CS,2,1,1,1,0,0
Colonial SD,5,1,1,1,0,0
Columbia Borough SD,4,0,0,0,0,0
Columbia HS,91,31,28,31,0,3
Columbia-Montour AVTS,142,55,49,57,2,6
Commodore Perry JSHS,43,26,22,29,3,4
Commodore Perry SD,1,0,0,0,0,0
Commonwealth Charter Academy CS,998,328,317,408,80,11
Community Academy of Philadelphia CS,128,77,77,92,15,0
Conemaugh Township Area SD,2,0,0,0,0,0
Conemaugh Twp Area MS/SHS,65,44,41,45,1,3
Conemaugh Valley JSHS,42,22,21,26,4,1
Conestoga SHS,554,533,533,534,1,0
Conestoga Valley SD,21,5,5,5,0,0
Conestoga Valley SHS,294,149,149,149,0,0
Conewago Valley SD,9,0,0,0,0,0
Conneaut Area Senior High,149,71,66,79,8,5
Conneaut SD,3,0,0,0,0,0
Connellsville Area Career & Technical Ce,84,16,14,17,1,2
Connellsville Area SD,9,0,0,0,0,0
Connellsville Area SHS,270,145,144,150,5,1
Conrad Weiser Area SD,7,2,2,2,0,0
Conrad Weiser HS,213,160,153,161,1,7
Constitution HS,96,77,76,78,1,1
Cornell HS,49,34,33,38,4,1
Corry Area HS,156,71,71,83,12,0
Corry Area SD,1,0,0,0,0,0
Coudersport Area JSHS,56,31,31,35,4,0
Cougar Academy,21,17,17,17,0,0
Council Rock HS North,387,347,345,352,5,2
Council Rock HS South,495,436,435,439,3,1
Council Rock SD,4,1,1,1,0,0
Cowanesque Valley JSHS,62,27,27,32,5,0
Cranberry Area JSHS,87,46,42,49,3,4
Crawford Central SD,2,0,0,1,1,0
Creative and Performing Arts,168,85,84,85,0,1
Crestwood SD,12,0,0,0,0,0
Crestwood Secondary Campus,209,114,114,115,1,0
Crispus Attucks CS,67,0,0,0,0,0
Cumberland Valley HS,647,445,444,445,0,1
Cumberland Valley SD,4,1,1,1,0,0
Curwensville Area JSHS,70,42,38,46,4,4
Dallas SHS,193,153,152,153,0,1
Dallastown Area SD,17,3,3,4,1,0
Dallastown Area SHS,437,329,321,331,2,8
Daniel Boone Area HS,257,189,189,194,5,0
Daniel Boone Area SD,3,0,0,0,0,0
Danville Area SHS,157,118,109,120,2,9
Dauphin County Technical School,239,118,110,121,3,8
Deer Lakes HS,115,72,71,72,0,1
Delaware Valley HS,371,255,255,262,7,0
Delaware Valley SD,1,0,0,0,0,0
Derry Area SD,9,0,0,0,0,0
Derry Area SHS,135,86,80,89,3,6
Derry Township SD,2,1,0,1,0,1
Dobbins AVT HS,125,43,34,48,5,9
Donegal HS,213,137,136,137,0,1
Donegal SD,8,0,0,0,0,0
Dover Area HS,228,130,129,137,7,1
Dover Area SD,5,0,0,0,0,0
Downingtown Area SD,3,0,0,0,0,0
Downingtown HS East Campus,429,309,309,312,3,0
Downingtown HS West Campus,384,283,283,289,6,0
Downingtown STEM Academy,206,205,205,205,0,0
Dr Robert Ketterer CS Inc,34,9,9,9,0,0
Dubois Area SD,3,0,0,0,0,0
Dubois Area SHS,244,139,131,141,2,8
Dunmore JSHS,116,99,99,99,0,0
Dunmore SD,2,0,0,0,0,0
East Allegheny JSHS,123,90,71,92,2,19
East Allegheny SD,4,0,0,1,1,0
East Forest JSHS,19,10,9,10,0,1
East Juniata JSHS,91,0,0,0,0,0
East Lycoming SD,1,0,0,0,0,0
East Penn SD,9,0,0,0,0,0
East Pennsboro Area SD,1,0,0,0,0,0
East Pennsboro Area SHS,181,109,109,109,0,0
East Stroudsburg Area SD,5,1,1,1,0,0
East Stroudsburg SHS North,236,149,147,160,11,2
East Stroudsburg SHS South,314,224,220,228,4,4
Eastern Lebanon Co SHS,153,99,99,100,1,0
Eastern Lebanon County SD,2,0,0,0,0,0
Eastern York HS,166,93,89,108,15,4
Eastern York SD,3,0,0,0,0,0
Easton Area HS,669,451,449,459,8,2
Edison HS/Fareira Skills,167,31,23,33,2,8
Eisenhower M/HS,69,29,27,30,1,2
Elizabeth Forward SD,1,0,0,0,0,0
Elizabeth Forward SHS,158,111,111,114,3,0
Elizabethtown Area SD,3,0,0,0,0,0
Elizabethtown Area SHS,303,184,183,194,10,1
Elk Lake JSHS,75,37,36,38,1,1
Ellwood City Area SD,1,0,0,0,0,0
Elmer L Meyers JSHS,131,100,88,100,0,12
Emmaus HS,635,494,488,498,4,6
Ephrata Area SD,5,0,0,0,0,0
Ephrata SHS,285,172,159,176,4,13
Erie City SD,2,0,0,0,0,0
Erie HS,461,161,161,161,0,0
Esperanza Academy Charter School,177,92,83,97,5,9
Esperanza Cyber CS,41,15,15,25,10,0
Everett Area HS,97,38,38,44,6,0
Evergreen Community CS,16,14,14,14,0,0
Executive Education Academy Charter Scho,79,56,52,56,0,4
Exeter Township SD,4,1,1,1,0,0
Exeter Twp SHS,323,205,201,210,5,4
Fairfield Area HS,82,27,26,27,0,1
Fairfield Area SD,2,0,0,0,0,0
Fairview HS,140,93,93,94,1,0
Fannett-Metal SHS,38,18,18,20,2,0
Farrell Area HS/UMS,44,18,18,26,8,0
Fels Samuel HS,187,107,98,114,7,9
Ferndale Area JSHS,45,6,6,6,0,0
First Philadelphia Preparatory Charter S,68,45,41,52,7,4
Fleetwood Area SD,2,1,1,1,0,0
Fleetwood SHS,206,149,149,149,0,0
Forbes Road JSHS,18,9,8,9,0,1
Forest Area SD,9,0,0,0,0,0
Forest City Regional HS,44,22,22,24,2,0
Forest City Regional SD,1,0,0,0,0,0
Forest Hills JSHS,123,76,60,78,2,16
Fort Cherry JSHS,83,47,47,47,0,0
Fort Cherry SD,3,2,2,2,0,0
Fort LeBoeuf SD,2,0,0,0,0,0
Fort LeBoeuf SHS,166,104,103,112,8,1
Fox Chapel Area HS,341,272,272,272,0,0
Frankford HS,183,48,39,52,4,9
Franklin Area JSHS,140,56,55,67,11,1
Franklin Area SD,5,0,0,0,0,0
Franklin Benjamin HS,59,22,21,24,2,1
Franklin LC,192,98,95,101,3,3
Franklin Regional SD,2,0,0,0,0,0
Franklin Regional SHS,283,226,225,227,1,1
Franklin Towne CHS,268,175,175,179,4,0
Frazier HS,85,56,56,56,0,0
Frazier SD,1,0,0,0,0,0
Freedom Area SD,1,0,0,0,0,0
Freedom Area SHS,94,32,32,32,0,0
Freedom HS,430,305,297,313,8,8
Freeport Area SHS,113,88,82,89,1,6
Freire CS,94,82,81,85,3,1
Freire CS,1,0,0,0,0,0
Furness Horace HS,144,80,78,81,1,2
G A R Memorial JSHS,115,41,40,41,0,1
Galeton Area Sch,16,9,9,11,2,0
Gamp,64,38,38,39,1,0
Garden Spot SHS,229,112,111,115,3,1
Garnet Valley HS,391,364,364,364,0,0
Garnet Valley SD,2,0,0,0,0,0
Gateway SD,5,0,0,0,0,0
Gateway SHS,231,151,148,154,3,3
General McLane HS,158,95,95,95,0,0
General McLane SD,1,0,0,0,0,0
George Jr Republic HS,26,14,14,24,10,0
Gettysburg Area HS,202,142,136,154,12,6
Gettysburg Area SD,1,0,0,0,0,0
Gillingham Charter School,11,10,7,10,0,3
Girard HS,106,44,43,45,1,1
Girard SD,1,0,0,0,0,0
Girls HS,223,78,78,78,0,0
Glendale JSHS,53,30,30,30,0,0
Governor Mifflin SHS,300,202,202,210,8,0
Great Valley HS,291,263,263,264,1,0
Great Valley SD,18,0,0,0,0,0
Greater Johnstown School District's Cybe,8,0,0,0,0,0
Greater Johnstown SD,1,0,0,0,0,0
Greater Johnstown SHS,171,87,83,88,1,4
Greater Latrobe SD,13,0,0,0,0,0
Greater Latrobe SHS,305,232,232,236,4,0
Greater Nanticoke Area SD,13,0,0,0,0,0
Greater Nanticoke Area SHS,161,103,103,104,1,0
Greencastle-Antrim SD,2,0,0,0,0,0
Greencastle-Antrim SHS,201,135,134,140,5,1
Greensburg Salem SD,9,0,0,0,0,0
Greensburg-Salem HS,156,121,120,121,0,1
Greenville JSHS,114,71,69,73,2,2
Greenwood HS,56,28,28,28,0,0
Grove City Area HS,128,83,80,83,0,3
Halifax Area HS,63,40,40,40,0,0
Hamburg Area HS,177,112,103,112,0,9
Hamburg Area SD,5,0,0,0,0,0
Hampton HS,230,214,213,214,0,1
Hanover Area JSHS,123,85,85,88,3,0
Hanover Area SD,8,2,2,2,0,0
Hanover Public SD,4,0,0,0,0,0
Hanover SHS,116,60,60,60,0,0
Harbor Creek Senior HS,180,116,112,116,0,4
Harmony Area JSHS,25,18,14,18,0,4
Harrisburg City SD,30,1,1,1,0,0
Harrisburg HS,197,114,114,114,0,0
Harrisburg HS - SciTech Cmp,67,66,66,66,0,0
Harriton SHS,293,265,265,266,1,0
Hatboro-Horsham SD,6,3,3,3,0,0
Hatboro-Horsham SHS,397,337,337,339,2,0
Haverford SHS,440,397,394,399,2,3
Haverford Township SD,4,0,0,0,0,0
Hazleton Area HS,763,404,395,407,3,9
Hazleton Area SD,3,0,0,0,0,0
Hempfield Area SD,6,0,0,0,0,0
Hempfield Area SHS,451,308,304,313,5,4
Hempfield SD,9,0,0,0,0,0
Hempfield SHS,535,384,364,388,4,20
Hershey HS,295,227,220,227,0,7
Hickory HS,153,105,101,108,3,4
Highlands SD,2,0,0,0,0,0
Highlands SHS,150,94,88,100,6,6
Hill Freedman World Academy,77,39,39,39,0,0
Hollidaysburg Area SD,4,0,0,0,0,0
Hollidaysburg Area SHS,267,166,164,172,6,2
Homer-Center JSHS,66,40,37,41,1,3
Honesdale HS,208,120,120,122,2,0
HOPE for Hyndman CS,15,4,3,4,0,1
Hopewell Area SD,1,0,0,0,0,0
Hopewell SHS,139,84,84,91,7,0
Hughesville JSHS,125,82,82,84,2,0
Huntingdon Area SD,1,0,0,0,0,0
Huntingdon Area SHS,148,92,86,93,1,6
I-LEAD Charter School,93,23,23,28,5,0
Imhotep Institute CHS,114,87,87,93,6,0
Indiana Area SD,1,0,0,0,0,0
Indiana Area SHS,208,148,142,149,1,6
Innovative Arts Academy CS,33,18,17,18,0,1
Insight PA Cyber CS,85,0,0,0,0,0
Interboro SD,4,0,0,0,0,0
Interboro SHS,232,136,133,139,3,3
Iroquois JSHS,92,47,44,47,0,3
James Buchanan HS,148,64,55,68,4,9
James M Coughlin JSHS,205,149,144,149,0,5
Jamestown Area JSHS,43,25,25,26,1,0
Jeannette City SD,2,0,0,0,0,0
Jeannette HS,67,45,43,45,0,2
Jefferson County-DuBois AVTS,79,24,15,26,2,9
Jefferson-Morgan MS/HS,46,34,34,36,2,0
Jenkintown Middle/High School,47,43,42,43,0,1
Jersey Shore Area SHS,167,65,65,67,2,0
Jim Thorpe Area HS,126,100,97,105,5,3
Jim Thorpe Area SD,3,0,0,0,0,0
Johnsonburg Area HS,47,30,30,32,2,0
Johnsonburg Area SD,1,0,0,0,0,0
Juniata County SD,1,0,0,0,0,0
Juniata SHS,145,33,28,34,1,5
Juniata Valley JSHS,62,31,31,34,3,0
Kane Area HS,76,44,44,44,0,0
Karns City Area SD,6,0,0,0,0,0
Karns City HS,82,55,51,60,5,4
Kennard-Dale HS,214,145,138,145,0,7
Kennett Consolidated SD,8,0,0,0,0,0
Kennett HS,324,239,237,244,5,2
Kensington Creative & Performing Arts HS,104,8,7,9,1,1
Kensington Health Sciences,112,8,7,8,0,1
Kensington HS,103,35,33,40,5,2
Keystone Education Center CS,31,2,2,2,0,0
Keystone JSHS,71,33,33,38,5,0
Keystone Oaks HS,140,95,89,101,6,6
Keystone Oaks SD,3,0,0,0,0,0
Keystone SD,3,0,0,0,0,0
King Martin Luther HS,95,46,40,51,5,6
KIPP DuBois Charter School,110,78,78,96,18,0
Kiski Area HS,257,176,169,179,3,7
Knoch HS,216,82,82,82,0,0
Kutztown Area SD,1,0,0,0,0,0
Kutztown Area SHS,101,66,65,69,3,1
La Academia Partnership Charter School,23,13,13,13,0,0
Lackawanna Trail JSHS,84,52,51,55,3,1
Lakeland JSHS,111,81,81,83,2,0
Lake-Lehman JSHS,150,100,100,109,9,0
Lakeview HS,86,46,46,56,10,0
Lampeter-Strasburg SD,4,0,0,0,0,0
Lampeter-Strasburg SHS,234,179,152,183,4,27
Lancaster SD,6,0,0,1,1,0
Lankenau HS,103,84,81,86,2,3
Laurel Highlands SD,8,0,0,0,0,0
Laurel Highlands SHS,196,122,117,125,3,5
Laurel HS,80,14,14,14,0,0
Lawrence County CTC,116,25,23,30,5,2
Lebanon SD,14,0,0,0,0,0
Lebanon SHS,268,111,110,116,5,1
Leechburg Area HS,69,34,30,34,0,4
Leechburg Area SD,5,2,1,2,0,1
Lehigh Valley Academy Regional CS,87,79,79,81,2,0
Lehigh Valley Academy Regional CS,1,0,0,0,0,0
Lehigh Valley Charter High School for th,146,100,100,103,3,0
Lehighton Area HS,157,100,96,100,0,4
Lehighton Area SD,4,0,0,0,0,0
Lenape Tech,159,52,51,56,4,1
Lewisburg Area SD,3,0,0,0,0,0
Lewisburg HS,125,101,100,101,0,1
Liberty HS,600,418,410,420,2,8
Ligonier Valley HS,144,104,104,112,8,0
Ligonier Valley SD,3,0,0,0,0,0
Lincoln HS,308,115,107,121,6,8
Lincoln JSHS,82,48,48,60,12,0
Lincoln Leadership Academy Charter Schoo,44,41,41,43,2,0
Lincoln Park Performing Arts CS,146,124,124,131,7,0
Line Mountain HS,106,60,60,69,9,0
Line Mountain SD,1,0,0,0,0,0
Littlestown Area SD,4,0,0,0,0,0
Littlestown SHS,145,92,83,98,6,9
Louis E Dieruff HS,436,261,257,274,13,4
Lower Dauphin HS,260,181,179,183,2,2
Lower Dauphin SD,3,0,0,0,0,0
Lower Merion HS,361,329,329,335,6,0
Lower Merion SD,1,0,0,0,0,0
Lower Moreland HS,174,161,158,161,0,3
Loyalsock Twp SHS,119,86,86,88,2,0
Mahanoy Area JSHS,65,39,38,41,2,1
Mahanoy Area SD,2,0,0,0,0,0
Manheim Central SD,2,0,0,0,0,0
Manheim Central SHS,246,146,146,152,6,0
Manheim Township SD,7,0,0,0,0,0
Manheim Twp HS,413,319,310,319,0,9
Mapletown JSHS,28,16,16,20,4,0
Maplewood JSHS,75,39,38,45,6,1
Mariana Bracetti Academy CS,138,86,86,94,8,0
Mariana Bracetti Academy CS,3,0,0,0,0,0
Marion Center Area JR/SR HS,88,52,46,54,2,6
Maritime Academy CS,56,40,39,44,4,1
Marple Newtown SD,9,0,0,0,0,0
Marple Newtown SHS,266,242,240,243,1,2
Mars Area SD,1,0,0,0,0,0
Mars Area SHS,245,218,218,219,1,0
MAST Community CS,105,86,86,89,3,0
Mastbaum Jules E AVTS,127,36,28,39,3,8
Masterman Julia R Sec Sch,116,109,109,109,0,0
Mastery CHS-Lenfest Campus,72,52,52,57,5,0
Mastery CS - Thomas Campus,106,72,72,88,16,0
Mastery CS -Shoemaker Campus,129,102,99,109,7,3
Mastery CS-Gratz Campus,217,147,145,148,1,2
Mastery CS-Hardy Williams,87,47,47,49,2,0
Mastery CS-Pickett Campus,94,71,71,78,7,0
Math Civics and Sciences CS,78,69,68,75,6,1
McCaskey Campus,542,315,289,326,11,26
McConnellsburg HS,71,33,33,38,5,0
McDowell HS,458,285,275,299,14,10
McGuffey HS,101,64,60,65,1,4
McGuffey SD,2,0,0,0,0,0
McKeesport Area SHS,208,113,111,121,8,2
Meadville Area SHS,203,119,118,136,17,1
Mechanicsburg Area SD,2,0,0,0,0,0
Mechanicsburg Area SHS,271,196,195,203,7,1
Mercer Area SD,1,0,0,0,0,0
Mercer Area SHS,78,40,37,42,2,3
Methacton HS,345,305,305,307,2,0
Methacton SD,4,2,2,2,0,0
Meyersdale Area HS,70,43,39,43,0,4
Meyersdale Area SD,1,0,0,0,0,0
Mid Valley SD,1,1,1,1,0,0
Mid Valley Secondary Center,105,64,62,65,1,2
Middletown Area HS,183,121,108,130,9,13
Midd-West HS,153,77,76,77,0,1
Midd-West SD,1,0,0,0,0,0
Mifflin Co HS,372,132,122,143,11,10
Mifflin County SD,1,0,0,0,0,0
Mifflinburg Area SHS,172,83,79,83,0,4
Millcreek Township SD,1,0,0,0,0,0
Millersburg Area SHS,38,27,26,27,0,1
Millville Area JSHS,57,34,29,35,1,5
Milton HS,164,80,79,80,0,1
Minersville Area JSHS,72,44,42,45,1,2
Mohawk SHS,90,64,64,68,4,0
Monessen SHS,53,33,24,34,1,9
Moniteau JSHS,84,51,43,54,3,8
Montgomery JSHS,50,33,27,33,0,6
Montour HS,247,191,188,193,2,3
Montour SD,2,0,0,0,0,0
Montoursville Area SHS,139,95,91,98,3,4
Montrose Area JSHS,83,50,47,52,2,3
Moon SHS,283,224,224,227,3,0
Morrisville Borough SD,3,0,0,0,0,0
Morrisville HS,54,35,34,36,1,1
Moshannon Valley JSHS,72,42,42,46,4,0
Moshannon Valley SD,1,0,0,0,0,0
Motivation HS,93,44,43,49,5,1
Mount Carmel Area HS,127,67,66,68,1,1
Mount Pleasant Area HS,142,0,0,0,0,0
Mount Pleasant Area SD,3,0,0,0,0,0
Mount Union Area SHS,88,46,45,50,4,1
Mountain View JSHS,77,49,49,51,2,0
Mt Lebanon SD,5,0,0,0,0,0
Mt Lebanon SHS,425,393,392,394,1,1
Muhlenberg HS,302,216,193,216,0,23
Muhlenberg SD,3,0,0,0,0,0
Multicultural Academy CS,43,40,40,40,0,0
Muncy JSHS,52,36,33,37,1,3
Nazareth Area HS,366,302,301,314,12,1
Neshaminy HS,626,512,512,543,31,0
Neshaminy SD,9,3,3,3,0,0
Neshannock JSHS,92,79,79,83,4,0
New Brighton Area HS,105,61,54,64,3,7
New Castle Area SD,7,0,0,0,0,0
New Castle SHS,151,110,102,113,3,8
New Day Charter School,29,0,0,0,0,0
New Foundations CS,138,81,81,81,0,0
New Hope-Solebury HS,100,95,95,95,0,0
New Kensington-Arnold SD,5,1,1,1,0,0
New Oxford SHS,289,190,190,190,0,0
Newport HS,61,33,32,33,0,1
Norristown Area HS,320,137,131,137,0,6
Norristown Area SD,9,0,0,0,0,0
North Allegheny HS,628,556,556,556,0,0
North Allegheny SD,4,0,0,0,0,0
North Clarion Co JSHS,46,28,28,28,0,0
North Clarion County SD,1,0,0,0,0,0
North East HS,108,57,57,60,3,0
North East SD,3,0,0,0,0,0
North Hills SHS,290,243,241,248,5,2
North Penn SD,9,6,6,6,0,0
North Penn SHS,1005,863,849,868,5,14
North Penn-Liberty JSHS,47,19,16,20,1,3
North Penn-Mansfield JSHS,102,49,49,54,5,0
North Pocono HS,201,144,144,147,3,0
North Pocono SD,1,0,0,0,0,0
North Schuylkill JSHS,136,72,72,74,2,0
North Star HS,71,41,39,42,1,2
North Star SD,4,0,0,0,0,0
Northampton Area HS,414,327,311,327,0,16
Northeast Bradford JSHS,56,34,34,35,1,0
Northeast HS,748,156,151,156,0,5
Northeastern SHS,258,168,161,177,9,7
Northeastern York SD,1,0,0,0,0,0
Northern Bedford County HS,67,40,40,41,1,0
Northern Bedford County SD,1,0,0,0,0,0
Northern Cambria HS,81,58,53,63,5,5
Northern HS,228,141,133,147,6,8
Northern Lebanon SD,5,0,0,0,0,0
Northern Lebanon SHS,158,62,58,66,4,4
Northern Lehigh SD,1,0,0,0,0,0
Northern Lehigh SHS,104,60,59,60,0,1
Northern Potter JSHS,37,16,16,17,1,0
Northern York County SD,4,0,0,0,0,0
Northgate MSHS,68,51,47,51,0,4
Northgate SD,2,0,0,0,0,0
Northwest Area HS,85,63,63,63,0,0
Northwest Area SD,1,0,0,0,0,0
Northwest PA Collegiate Academy,192,165,165,170,5,0
Northwestern Lehigh HS,178,112,112,116,4,0
Northwestern Lehigh SD,2,0,0,0,0,0
Northwestern SHS,111,15,15,20,5,0
Norwin SD,7,1,1,1,0,0
Norwin SHS,390,308,300,311,3,8
Octorara Area JSHS,202,111,110,116,5,1
Octorara Area SD,11,0,0,0,0,0
Oil City Area SD,3,0,0,0,0,0
Oil City SHS,140,61,60,66,5,1
Old Forge JSHS,49,40,40,40,0,0
Old Forge SD,2,0,0,0,0,0
Oley Valley SD,7,0,0,0,0,0
Oley Valley SHS,130,88,88,90,2,0
Olney Charter High School,474,176,175,203,27,1
Oswayo Valley HS,23,11,11,12,1,0
Otto-Eldred JSHS,42,21,21,23,2,0
Overbrook HS,93,58,50,61,3,8
Owen J Roberts HS,393,330,322,335,5,8
Owen J Roberts SD,30,5,5,6,1,0
Oxford Area HS,316,202,183,207,5,19
Oxford Area SD,4,0,0,0,0,0
Palisades HS,141,114,114,117,3,0
Palisades SD,3,0,0,0,0,0
Palmerton Area HS,119,94,94,94,0,0
Palmerton Area SD,7,0,0,0,0,0
Palmyra Area SHS,262,197,195,197,0,2
Panther Valley JSHS,77,46,45,47,1,1
Parkland HS,795,657,653,660,3,4
Parkland SD,6,0,0,0,0,0
Parkway Center City Middle College,115,92,86,95,3,6
Parkway Northwest,68,33,29,33,0,4
Parkway West,50,33,31,37,4,2
Passport Academy CS,58,0,0,0,0,0
Paul Robeson HS for Human Services,69,56,51,60,4,5
Pen Argyl Area HS,111,77,76,80,3,1
Penn Cambria HS,121,70,69,81,11,1
Penn Cambria SD,3,0,0,0,0,0
Penn Hills SD,1,0,0,0,0,0
Penn Hills SHS,323,213,208,229,16,5
Penn Manor HS,369,258,249,261,3,9
Penn Manor SD,9,1,1,1,0,0
Penn Trafford HS,304,243,242,246,3,1
Penn Treaty Sch,80,34,31,41,7,3
Penn Wood HS,329,215,196,215,0,19
Penncrest HS,277,198,197,201,3,1
Penncrest SD,1,0,0,1,1,0
Penn-Delco SD,1,0,0,0,0,0
Pennridge HS,521,368,366,374,6,2
Pennridge SD,10,1,1,1,0,0
Penns Manor Area JSHS,63,30,30,33,3,0
Penns Manor Area SD,6,0,0,0,0,0
Penns Valley Area JSHS,96,61,55,61,0,6
Pennsbury HS,749,575,573,587,12,2
Pennsbury SD,13,0,0,0,0,0
Pennsylvania Cyber CS,1251,475,402,485,10,73
Pennsylvania Cyber CS,2,0,0,0,0,0
Pennsylvania Distance Learning CS,65,31,29,37,6,2
Pennsylvania Leadership CS,337,228,209,240,12,19
Pennsylvania Virtual CS,210,50,50,58,8,0
Penn-Trafford SD,4,0,0,0,0,0
People for People CS,15,10,10,10,0,0
Pequea Valley HS,113,58,54,68,10,4
Pequea Valley SD,5,0,0,0,0,0
Perkiomen Valley HS,431,322,311,324,2,11
Perseus House CS of Excellence,87,50,33,56,6,17
Peters Twp HS,333,307,296,307,0,11
Philadelphia Academy CS,104,69,69,73,4,0
Philadelphia City SD,889,93,68,101,8,25
Philadelphia Electrical & Tech CHS,131,92,76,95,3,16
Philadelphia Electrical & Tech CHS,1,0,0,0,0,0
Philadelphia Learning Academy - North,7,0,0,0,0,0
Philadelphia Learning Academy - South,19,4,3,4,0,1
Philadelphia Military Acad at Elverson,35,13,11,14,1,2
Philadelphia Performing Arts CS,153,149,149,152,3,0
Philipsburg-Osceola Area HS,111,49,48,49,0,1
Phoenix Academy,128,3,2,3,0,1
Phoenixville Area HS,234,191,189,199,8,2
Phoenixville Area SD,9,1,1,1,0,0
Pine Grove Area HS,111,53,51,53,0,2
Pine-Richland HS,345,278,278,282,4,0
Pine-Richland SD,2,0,0,0,0,0
Pittsburgh Allderdice HS,351,51,51,53,2,0
Pittsburgh Brashear HS,298,22,22,28,6,0
Pittsburgh CAPA 6-12,129,106,106,108,2,0
Pittsburgh Carrick HS,150,17,14,19,2,3
Pittsburgh Conroy,11,0,0,0,0,0
Pittsburgh Milliones 6-12,45,11,11,12,1,0
Pittsburgh Obama 6-12,117,1,1,1,0,0
Pittsburgh Oliver,13,0,0,0,0,0
Pittsburgh Online Academy,20,0,0,0,0,0
Pittsburgh Perry HS,90,55,52,59,4,3
Pittsburgh Pioneer,3,0,0,0,0,0
Pittsburgh Science and Technology Academ,77,1,1,1,0,0
Pittsburgh SD,12,0,0,0,0,0
Pittston Area SD,2,0,0,0,0,0
Pittston Area SHS,249,185,185,203,18,0
Pleasant Valley HS,342,258,254,258,0,4
Plum Borough SD,5,0,0,0,0,0
Plum SHS,288,227,221,232,5,6
Plymouth-Whitemarsh SHS,376,325,324,330,5,1
Pocono Mountain East HS,325,146,146,151,5,0
Pocono Mountain SD,5,2,2,2,0,0
Pocono Mountain West HS,412,190,183,191,1,7
Port Allegany JSHS,75,31,30,31,0,1
Portage Area JSHS,63,41,36,41,0,5
Pottsgrove SD,2,0,0,0,0,0
Pottsgrove SHS,245,69,67,69,0,2
Pottstown SD,5,0,0,1,1,0
Pottstown SHS,182,61,61,69,8,0
Pottsville Area HS,250,136,126,138,2,10
Pottsville Area SD,7,0,0,0,0,0
Preparatory CS of Mathematics Science Te,135,105,105,113,8,0
Price,1,0,0,0,0,0
Propel CS-Braddock Hills,54,34,28,35,1,6
Propel CS-Braddock Hills,1,0,0,0,0,0
Propel CS-Homestead,29,21,21,27,6,0
Propel CS-Montour,5,3,3,5,2,0
Propel CS-Montour,1,0,0,0,0,0
Punxsutawney Area HS,138,81,76,91,10,5
Punxsutawney Area SD,6,0,0,0,0,0
Purchase Line JSHS,56,33,28,33,0,5
Purchase Line SD,1,0,0,0,0,0
Quaker Valley HS,141,120,120,120,0,0
Quaker Valley SD,3,1,1,1,0,0
Quakertown Community HS,416,302,300,305,3,2
Radnor SHS,313,264,264,264,0,0
Radnor Township SD,3,0,0,0,0,0
Randolph A. Philip AVT HS,65,18,18,22,4,0
Reach Cyber CS,458,149,123,153,4,26
Reading SD,6,0,0,0,0,0
Reading SHS,913,347,311,353,6,36
Red Land SHS,266,178,173,181,3,5
Red Lion Area SD,16,0,0,0,0,0
Red Lion Area SHS,361,216,194,220,4,22
Redbank Valley HS,61,0,0,0,0,0
Renaissance Academy CS,72,68,66,68,0,2
Reynolds JSHS,70,49,43,49,0,6
Richland HS,129,96,87,98,2,9
Richland SD,1,0,0,0,0,0
Ridgway Area HS,63,31,31,31,0,0
Ridley HS,420,338,297,339,1,41
Ridley SD,7,0,0,0,0,0
Ringgold SD,4,0,0,0,0,0
Ringgold SHS,215,77,74,78,1,3
Riverside HS,119,81,75,81,0,6
Riverside JSHS,109,73,73,78,5,0
Riverside SD,1,0,0,0,0,0
Riverview JSHS,86,72,72,72,0,0
Riverview SD,2,0,0,0,0,0
Roberto Clemente CS,36,32,32,32,0,0
Rochester High School,47,30,23,31,1,7
Rockwood Area JSHS,38,25,24,25,0,1
Rocky Grove JSHS,62,34,23,35,1,11
Roosevelt Altern Sch,60,15,11,15,0,4
Rose Tree Media SD,3,0,0,0,0,0
Roxborough HS,135,69,60,71,2,9
Saegertown JSHS,70,41,38,46,5,3
Salisbury SHS,127,92,92,92,0,0
Salisbury Township SD,1,0,0,0,0,0
Salisbury-Elk Lick JSHS,20,10,10,10,0,0
Saltsburg MS/HS,35,22,19,22,0,3
Sankofa Freedom Academy Charter School,36,36,35,36,0,1
Saucon Valley SD,1,0,0,0,0,0
Saucon Valley SHS,184,142,141,143,1,1
Saul W B Agricultural School,111,46,45,48,2,1
Sayre Area HS,65,42,41,44,2,1
Sayre William L MS,75,17,17,19,2,0
School Lane CS,59,44,44,48,4,0
School Lane CS,1,1,1,1,0,0
School of the Future,95,39,38,42,3,1
Schuylkill Haven Area SD,2,0,0,0,0,0
Schuylkill Haven SHS,95,40,39,42,2,1
Schuylkill Valley HS,143,99,99,103,4,0
Schuylkill Valley SD,4,0,0,0,0,0
Science Leadership Academy,119,0,0,0,0,0
Scranton HS,389,244,244,247,3,0
Scranton SD,21,4,4,4,0,0
Selinsgrove Area HS,193,121,113,125,4,8
Selinsgrove Area SD,1,0,0,0,0,0
Seneca HS,93,36,34,40,4,2
Seneca Valley HS,564,506,476,510,4,30
Seneca Valley SD,8,1,1,4,3,0
Shade JSHS,22,13,11,14,1,2
Shaler Area HS,323,200,200,227,27,0
Shaler Area SD,6,1,1,3,2,0
Shamokin Area HS,171,87,83,87,0,4
Shanksville-Stonycreek HS,28,13,12,14,1,1
Sharon HS,103,59,59,59,0,0
Sharpsville Area SHS,91,49,46,52,3,3
Sheffield M/HS,48,26,26,29,3,0
Shenandoah Valley JSHS,74,38,38,45,7,0
Shenango HS,77,57,52,63,6,5
Shikellamy HS,181,101,92,104,3,9
Shippensburg Area SHS,261,129,122,133,4,7
Slippery Rock Area HS,164,89,89,91,2,0
Slippery Rock Area SD,2,0,0,0,0,0
Smethport Area JSHS,55,0,0,0,0,0
Solanco HS,228,84,84,87,3,0
Solanco SD,5,0,0,0,0,0
Somerset Area Jr-Sr HS,157,72,67,77,5,5
Souderton Area SD,8,0,0,0,0,0
Souderton Area SHS,502,408,408,409,1,0
South Allegheny HS,101,76,75,76,0,1
South Allegheny SD,5,2,2,2,0,0
South Eastern SD,4,0,0,0,0,0
South Fayette Township SD,5,1,1,1,0,0
South Fayette Twp HS,212,190,190,197,7,0
South Middleton SD,2,0,0,0,0,0
South Park SD,2,0,0,0,0,0
South Park SHS,151,118,118,121,3,0
South Philadelphia HS,89,21,19,23,2,2
South Side HS,85,57,57,58,1,0
South Western SD,8,0,0,1,1,0
South Western SHS,287,167,164,180,13,3
South Williamsport Area JSHS,79,46,46,46,0,0
Southeast Delco SD,1,0,0,0,0,0
Southeastern Greene SD,4,0,0,0,0,0
Southern Columbia HS,106,82,82,84,2,0
Southern Fulton JSHS,59,34,34,34,0,0
Southern Huntingdon Co HS/MS,87,40,40,42,2,0
Southern Lehigh SD,3,0,0,0,0,0
Southern Lehigh SHS,273,178,178,179,1,0
Southern York County SD,8,0,0,0,0,0
Southmoreland SHS,122,49,45,52,3,4
Spectrum CS,6,0,0,0,0,0
Spring Cove SD,3,0,0,0,0,0
Spring Grove Area HS,298,182,172,191,9,10
Spring Grove Area SD,4,0,0,0,0,0
Springdale JSHS,64,43,37,43,0,6
Springfield HS,316,276,269,284,8,7
Springfield SD,3,2,2,2,0,0
Springfield Twp HS,165,122,122,123,1,0
Spring-Ford Area SD,5,0,0,0,0,0
Spring-Ford SHS 9-12 Ctr,613,533,527,533,0,6
St Marys Area SHS,168,91,91,96,5,0
State College Area HS,552,456,451,457,1,5
Steel Valley SD,3,0,0,0,0,0
Steel Valley SHS,110,65,62,68,3,3
Steelton-Highspire HS,55,35,33,40,5,2
Steelton-Highspire SD,2,1,1,1,0,0
STEM at Showalter,78,56,56,56,0,0
Sto-Rox JSHS,96,55,52,56,1,3
Strath Haven HS,243,217,216,218,1,1
Strawberry Mansion HS,42,6,6,6,0,0
Stroudsburg HS,418,145,145,147,2,0
Sugar Valley Rural CS,37,13,13,13,0,0
Sullivan Co JSHS,35,21,21,21,0,0
Sun Valley HS,244,200,199,201,1,1
Susq-Cyber CS,18,14,11,14,0,3
Susquehanna Community JSHS,57,31,30,33,2,1
Susquehanna Community SD,9,3,3,3,0,0
Susquehanna Township SD,10,1,0,1,0,1
Susquehanna Twp HS,191,145,144,148,3,1
Susquehannock HS,218,177,170,177,0,7
Susquenita HS,114,65,65,65,0,0
Susquenita SD,2,1,1,1,0,0
Swenson Arts & Technology HS,133,65,59,68,3,6
Tacony Academy Charter School,94,68,68,73,5,0
Tamaqua Area SHS,167,150,143,151,1,7
TECH Freire CS,95,65,64,69,4,1
The Linc,36,1,1,2,1,0
The New Academy CS,18,5,5,6,1,0
The Science Leadership Academy at Beeber,116,98,94,100,2,4
The SD of Philadelphia Virtual Academy,133,42,31,46,4,11
The U School: Innovative Lab,41,25,24,25,0,1
The Workshop School,50,9,8,9,0,1
Thomas Jefferson HS,221,175,168,176,1,7
Tidioute Community CS,25,13,13,14,1,0
Titusville SHS,126,57,53,70,13,4
Towanda Area JSHS,100,66,61,68,2,5
Tredyffrin-Easttown SD,21,5,5,5,0,0
Trinity Area SD,1,0,0,0,0,0
Trinity SHS,226,146,138,151,5,8
Tri-Valley JSHS,51,30,27,30,0,3
Troy Area JSHS,100,57,57,58,1,0
Truman SHS,375,206,206,225,19,0
Tulpehocken Area SD,2,0,0,0,0,0
Tulpehocken JSHS,117,66,66,71,5,0
Tunkhannock Area SD,1,0,0,1,1,0
Tunkhannock HS,169,107,100,109,2,7
Turkeyfoot Valley Area JSHS,24,8,7,9,1,1
Tussey Mountain HS,70,29,27,30,1,2
Tussey Mountain SD,2,0,0,0,0,0
Twin Valley HS,259,194,180,195,1,14
Twin Valley SD,17,0,0,0,0,0
Tyrone Area HS,127,85,81,87,2,4
Union Area HS,52,33,33,35,2,0
Union City HS,75,37,36,37,0,1
Union HS,26,18,15,18,0,3
Union SD,2,0,0,0,0,0
Uniontown Area SD,3,1,0,1,0,1
Uniontown Area SHS,162,84,68,88,4,16
Unionville HS,307,273,273,275,2,0
Unionville-Chadds Ford SD,2,0,0,0,0,0
United JSHS,75,33,33,34,1,0
United SD,2,0,0,0,0,0
Universal Audenried Charter School,105,66,66,70,4,0
Upper Adams SD,4,0,0,0,0,0
Upper Darby SD,23,0,0,0,0,0
Upper Darby SHS,847,502,502,533,31,0
Upper Dauphin Area HS,77,42,42,42,0,0
Upper Dublin HS,292,272,271,272,0,1
Upper Dublin SD,4,0,0,0,0,0
Upper Merion Area SD,23,4,4,4,0,0
Upper Merion HS,284,99,95,99,0,4
Upper Moreland HS,211,153,151,156,3,2
Upper Moreland Township SD,2,0,0,0,0,0
Upper Perkiomen HS,238,156,151,157,1,5
Upper Perkiomen SD,1,0,0,0,0,0
Upper Saint Clair HS,338,308,307,316,8,1
Upper Saint Clair SD,3,1,1,1,0,0
Urban Pathways 6-12 CS,37,25,23,28,3,2
Valley JSHS,91,50,46,52,2,4
Valley View HS,177,138,135,138,0,3
Wallenpaupack Area HS,249,127,126,133,6,1
Wallenpaupack Area SD,7,0,0,0,0,0
Warren Area HS,169,98,94,106,8,4
Warrior Run HS,119,35,34,35,0,1
Warwick SHS,324,223,197,223,0,26
Washington George HS,258,127,119,135,8,8
Washington HS,124,42,42,42,0,0
Washington SD,1,0,0,0,0,0
Wayne Highlands SD,17,7,7,7,0,0
Waynesboro Area SD,11,0,0,0,0,0
Waynesboro Area SHS,318,141,141,182,41,0
Waynesburg Central HS,117,80,69,81,1,11
Weatherly Area SD,3,0,0,0,0,0
Weatherly Area SHS,51,27,27,27,0,0
Wellsboro Area HS,111,65,63,66,1,2
West Allegheny SHS,238,198,194,204,6,4
West Branch Area HS,59,29,25,30,1,4
West Chester Area SD,40,3,3,4,1,0
West Chester Bayard Rustin HS,317,285,284,288,3,1
West Chester East HS,286,260,254,260,0,6
West Chester Henderson HS,287,258,256,259,1,2
West Forest JSHS,20,9,9,9,0,0
West Greene JSHS,43,22,22,22,0,0
West Middlesex Area JSHS,73,54,53,54,0,1
West Mifflin Area HS,243,156,149,161,5,7
West Mifflin Area SD,8,0,0,0,0,0
West Perry SD,1,0,0,0,0,0
West Perry SHS,153,80,79,81,1,1
West Philadelphia HS,96,54,49,54,0,5
West Scranton HS,202,128,128,137,9,0
West Shamokin JSHS,63,39,37,40,1,2
West Shore SD,5,0,0,0,0,0
West Side CTC,94,40,38,41,1,2
West York Area HS,219,140,134,148,8,6
West York Area SD,22,3,3,7,4,0
Western Beaver Co JSHS,56,32,30,36,4,2
Western Wayne HS,160,91,86,92,1,5
Westinghouse Arts Academy CS,36,13,13,13,0,0
Westmont Hilltop JSHS,125,95,95,95,0,0
Whitehall HS,375,207,207,213,6,0
Whitehall-Coplay SD,4,0,0,0,0,0
Widener Memorial Sch,2,0,0,0,0,0
Wilkes-Barre Area SD,22,1,1,1,0,0
Wilkes-Barre Area SD STEM Academy,11,10,10,11,1,0
William Allen HS,587,278,276,285,7,2
William Penn SD,12,0,0,0,0,0
William Penn SHS,244,67,67,69,2,0
William Tennent HS,389,301,300,307,6,1
Williams Valley JSHS,49,34,31,35,1,3
Williams Valley SD,2,0,0,0,0,0
Williamsburg Community JSHS,33,16,16,16,0,0
Williamson SHS,70,36,35,39,3,1
Williamsport Area SHS,312,206,206,206,0,0
Wilmington Area HS,84,56,51,57,1,5
Wilmington Area SD,1,0,0,0,0,0
Wilson Area HS,159,111,111,111,0,0
Wilson Area SD,2,0,0,0,0,0
Wilson HS,456,255,254,258,3,1
Wilson SD,1,0,0,0,0,0
Windber Area HS,88,52,48,57,5,4
Windber Area SD,5,0,0,0,0,0
Wissahickon SD,6,1,1,1,0,0
Wissahickon SHS,353,321,321,326,5,0
Woodland Hills HS,245,149,149,167,18,0
Woodland Hills SD,9,0,0,0,0,0
Wyalusing Valley JSHS,85,48,45,50,2,3
Wyoming Area SD,10,0,0,0,0,0
Wyoming Area Sec Ctr,168,140,139,143,3,1
Wyoming Valley West SD,14,0,0,0,0,0
Wyoming Valley West SHS,277,0,0,0,0,0
Wyomissing Area JSHS,158,128,127,128,0,1
Wyomissing Area SD,2,0,0,0,0,0
York City SD,5,0,0,0,0,0
York Co School of Technology,385,89,88,93,4,1
York Suburban SD,9,4,4,7,3,0
York Suburban SHS,216,179,179,180,1,0
Yough SD,2,1,1,1,0,0
Yough SHS,173,92,92,95,3,0
Youngsville MS/HS,48,20,15,21,1,5
Youth Build Phila CS,173,32,31,36,4,1
