District,Subject,Demographic,Total_Students,p4,p5,p6,p7
BERMUDIAN SPRINGS SD,Algebra I,All Students,141,23.4,44.0,24.799999999999997,7.8
BERMUDIAN SPRINGS SD,Algebra I,Historically Underperforming,58,12.1,32.8,39.7,15.5
BERMUDIAN SPRINGS SD,Biology,All Students,142,16.9,44.4,23.199999999999996,15.5
BERMUDIAN SPRINGS SD,Biology,Historically Underperforming,59,6.800000000000001,35.6,30.5,27.1
BERMUDIAN SPRINGS SD,Literature,All Students,142,12.0,68.3,16.2,3.5000000000000004
BERMUDIAN SPRINGS SD,Literature,Historically Underperforming,59,3.4000000000000004,59.29999999999998,28.800000000000004,8.5
CONEWAGO VALLEY SD,Algebra I,All Students,267,30.7,51.300000000000004,12.0,6.0
CONEWAGO VALLEY SD,Algebra I,Historically Underperforming,105,15.2,49.5,21.9,13.3
CONEWAGO VALLEY SD,Biology,All Students,270,35.6,40.0,17.4,7.000000000000001
CONEWAGO VALLEY SD,Biology,Historically Underperforming,106,22.6,32.1,31.1,14.2
CONEWAGO VALLEY SD,Literature,All Students,276,5.8,70.7,17.4,6.199999999999999
CONEWAGO VALLEY SD,Literature,Historically Underperforming,110,2.7,52.7,30.0,14.499999999999998
FAIRFIELD AREA SD,Algebra I,All Students,77,18.2,44.2,27.3,10.4
FAIRFIELD AREA SD,Algebra I,Historically Underperforming,18,0.0,27.800000000000004,27.800000000000004,44.4
FAIRFIELD AREA SD,Biology,All Students,77,22.1,37.7,23.400000000000002,16.9
FAIRFIELD AREA SD,Biology,Historically Underperforming,18,5.6000000000000005,16.7,11.1,66.7
FAIRFIELD AREA SD,Literature,All Students,77,7.8,66.2,11.700000000000001,14.3
FAIRFIELD AREA SD,Literature,Historically Underperforming,18,5.6000000000000005,22.2,22.2,50.0
GETTYSBURG AREA SD,Algebra I,All Students,199,23.1,49.20000000000001,23.6,4.0
GETTYSBURG AREA SD,Algebra I,Historically Underperforming,82,7.3,46.29999999999999,37.8,8.5
GETTYSBURG AREA SD,Biology,All Students,198,33.3,40.4,18.700000000000003,7.6
GETTYSBURG AREA SD,Biology,Historically Underperforming,83,16.9,41.0,27.699999999999996,14.499999999999998
GETTYSBURG AREA SD,Literature,All Students,199,9.0,73.40000000000002,15.1,2.5
GETTYSBURG AREA SD,Literature,Historically Underperforming,83,6.0,61.4,26.5,6.0
LITTLESTOWN AREA SD,Algebra I,All Students,167,30.5,56.89999999999999,11.4,1.2
LITTLESTOWN AREA SD,Algebra I,Historically Underperforming,58,20.700000000000003,51.7,24.1,3.4000000000000004
LITTLESTOWN AREA SD,Biology,All Students,167,35.9,41.9,16.8,5.4
LITTLESTOWN AREA SD,Biology,Historically Underperforming,58,25.900000000000002,31.0,31.0,12.1
LITTLESTOWN AREA SD,Literature,All Students,165,18.2,73.3,8.5,0.0
LITTLESTOWN AREA SD,Literature,Historically Underperforming,57,12.3,64.9,22.8,0.0
UPPER ADAMS SD,Algebra I,All Students,99,23.200000000000003,46.5,23.200000000000003,7.1
UPPER ADAMS SD,Algebra I,Historically Underperforming,43,11.6,41.9,30.2,16.3
UPPER ADAMS SD,Biology,All Students,99,51.5,28.300000000000004,14.099999999999998,6.1
UPPER ADAMS SD,Biology,Historically Underperforming,43,39.49999999999999,23.3,23.3,14.000000000000002
UPPER ADAMS SD,Literature,All Students,101,7.9,69.3,16.8,5.9
UPPER ADAMS SD,Literature,Historically Underperforming,45,6.7,60.0,20.0,13.3
A W BEATTIE CAREER CENTER,Algebra I,All Students,10,NULL,NULL,NULL,NULL
A W BEATTIE CAREER CENTER,Algebra I,Historically Underperforming,7,NULL,NULL,NULL,NULL
A W BEATTIE CAREER CENTER,Biology,All Students,12,0.0,16.699999999999996,58.3,25.0
A W BEATTIE CAREER CENTER,Biology,Historically Underperforming,8,NULL,NULL,NULL,NULL
A W BEATTIE CAREER CENTER,Literature,All Students,10,NULL,NULL,NULL,NULL
A W BEATTIE CAREER CENTER,Literature,Historically Underperforming,7,NULL,NULL,NULL,NULL
ACADEMY CHARTER SCHOOL,Algebra I,All Students,30,0.0,0.0,33.3,66.7
ACADEMY CHARTER SCHOOL,Algebra I,Historically Underperforming,27,0.0,0.0,37.0,63.0
ACADEMY CHARTER SCHOOL,Biology,All Students,30,0.0,0.0,3.3000000000000003,96.7
ACADEMY CHARTER SCHOOL,Biology,Historically Underperforming,27,0.0,0.0,3.7000000000000006,96.3
ACADEMY CHARTER SCHOOL,Literature,All Students,28,0.0,0.0,35.7,64.3
ACADEMY CHARTER SCHOOL,Literature,Historically Underperforming,25,0.0,0.0,32.0,68.0
ALLEGHENY VALLEY SD,Algebra I,All Students,72,15.299999999999999,56.89999999999999,23.6,4.2
ALLEGHENY VALLEY SD,Algebra I,Historically Underperforming,26,3.8,53.79999999999999,30.799999999999994,11.5
ALLEGHENY VALLEY SD,Biology,All Students,71,32.4,40.8,18.3,8.5
ALLEGHENY VALLEY SD,Biology,Historically Underperforming,25,12.0,44.0,24.0,20.0
ALLEGHENY VALLEY SD,Literature,All Students,70,11.4,68.6,15.7,4.3
ALLEGHENY VALLEY SD,Literature,Historically Underperforming,24,12.5,54.2,25.0,8.3
AVONWORTH SD,Algebra I,All Students,109,40.4,45.00000000000001,8.3,6.4
AVONWORTH SD,Algebra I,Historically Underperforming,28,17.9,32.1,25.0,25.0
AVONWORTH SD,Biology,All Students,116,45.7,41.400000000000006,9.5,3.4000000000000004
AVONWORTH SD,Biology,Historically Underperforming,28,14.3,32.1,39.3,14.3
AVONWORTH SD,Literature,All Students,116,16.4,80.2,0.9000000000000001,2.6
AVONWORTH SD,Literature,Historically Underperforming,28,0.0,85.7,3.5999999999999996,10.7
BALDWIN-WHITEHALL SD,Algebra I,All Students,314,13.699999999999998,69.4,13.699999999999998,3.2
BALDWIN-WHITEHALL SD,Algebra I,Historically Underperforming,119,5.9,63.9,22.7,7.6
BALDWIN-WHITEHALL SD,Biology,All Students,315,23.5,52.1,18.4,6.0
BALDWIN-WHITEHALL SD,Biology,Historically Underperforming,121,13.200000000000001,47.1,24.8,14.899999999999999
BALDWIN-WHITEHALL SD,Literature,All Students,313,8.0,77.6,11.500000000000002,2.9000000000000004
BALDWIN-WHITEHALL SD,Literature,Historically Underperforming,120,3.3000000000000003,70.8,19.2,6.7
BETHEL PARK SD,Algebra I,All Students,353,27.200000000000003,49.9,20.400000000000002,2.5
BETHEL PARK SD,Algebra I,Historically Underperforming,75,8.0,42.70000000000001,40.0,9.3
BETHEL PARK SD,Biology,All Students,351,31.3,44.699999999999996,16.2,7.7
BETHEL PARK SD,Biology,Historically Underperforming,73,16.4,32.9,24.7,26.0
BETHEL PARK SD,Literature,All Students,346,10.4,78.29999999999998,8.7,2.6
BETHEL PARK SD,Literature,Historically Underperforming,71,4.2,60.6,25.4,9.9
BRENTWOOD BOROUGH SD,Algebra I,All Students,84,2.4,66.7,23.8,7.1
BRENTWOOD BOROUGH SD,Algebra I,Historically Underperforming,39,2.6,48.7,35.9,12.8
BRENTWOOD BOROUGH SD,Biology,All Students,85,16.5,52.900000000000006,18.8,11.8
BRENTWOOD BOROUGH SD,Biology,Historically Underperforming,39,5.1,43.60000000000001,28.199999999999996,23.1
BRENTWOOD BOROUGH SD,Literature,All Students,85,3.5000000000000004,74.1,18.8,3.5000000000000004
BRENTWOOD BOROUGH SD,Literature,Historically Underperforming,39,2.6,61.5,28.199999999999996,7.7
CARLYNTON SD,Algebra I,All Students,100,9.0,45.0,34.0,12.0
CARLYNTON SD,Algebra I,Historically Underperforming,45,2.2,31.1,44.4,22.2
CARLYNTON SD,Biology,All Students,101,29.7,42.6,21.8,5.9
CARLYNTON SD,Biology,Historically Underperforming,45,17.800000000000004,44.4,26.700000000000003,11.1
CARLYNTON SD,Literature,All Students,100,9.0,70.0,19.0,2.0
CARLYNTON SD,Literature,Historically Underperforming,44,0.0,61.4,34.1,4.5
CHARTIERS VALLEY SD,Algebra I,All Students,265,20.0,59.599999999999994,17.0,3.4000000000000004
CHARTIERS VALLEY SD,Algebra I,Historically Underperforming,77,14.3,42.9,33.8,9.1
CHARTIERS VALLEY SD,Biology,All Students,267,33.7,54.7,7.5,4.1
CHARTIERS VALLEY SD,Biology,Historically Underperforming,79,22.8,50.6,16.5,10.1
CHARTIERS VALLEY SD,Literature,All Students,269,12.3,69.9,14.099999999999998,3.7000000000000006
CHARTIERS VALLEY SD,Literature,Historically Underperforming,81,2.5,63.0,25.900000000000002,8.6
CITY CHS,Algebra I,All Students,133,23.3,49.60000000000001,21.8,5.3
CITY CHS,Algebra I,Historically Underperforming,89,18.0,50.6,27.0,4.5
CITY CHS,Biology,All Students,132,26.5,49.2,15.2,9.1
CITY CHS,Biology,Historically Underperforming,88,21.6,50.0,18.199999999999996,10.2
CITY CHS,Literature,All Students,133,4.5,72.2,20.3,3.0
CITY CHS,Literature,Historically Underperforming,89,3.4000000000000004,68.5,23.6,4.5
CLAIRTON CITY SD,Algebra I,All Students,39,5.1,51.300000000000004,41.0,2.6
CLAIRTON CITY SD,Algebra I,Historically Underperforming,29,0.0,41.400000000000006,55.2,3.4000000000000004
CLAIRTON CITY SD,Biology,All Students,39,5.1,35.9,30.8,28.199999999999996
CLAIRTON CITY SD,Biology,Historically Underperforming,29,3.4000000000000004,24.1,34.5,37.9
CLAIRTON CITY SD,Literature,All Students,38,2.6,63.2,21.1,13.200000000000001
CLAIRTON CITY SD,Literature,Historically Underperforming,28,3.5999999999999996,50.0,28.6,17.9
CORNELL SD,Algebra I,All Students,38,2.6,50.0,36.8,10.5
CORNELL SD,Algebra I,Historically Underperforming,38,2.6,50.0,36.8,10.5
CORNELL SD,Biology,All Students,38,5.299999999999999,47.400000000000006,36.8,10.5
CORNELL SD,Biology,Historically Underperforming,38,5.299999999999999,47.400000000000006,36.8,10.5
CORNELL SD,Literature,All Students,38,7.9,68.4,13.200000000000001,10.5
CORNELL SD,Literature,Historically Underperforming,38,7.9,68.4,13.200000000000001,10.5
DEER LAKES SD,Algebra I,All Students,139,14.400000000000002,39.6,41.7,4.3
DEER LAKES SD,Algebra I,Historically Underperforming,41,2.4,31.7,53.7,12.2
DEER LAKES SD,Biology,All Students,145,33.1,37.2,18.6,11.0
DEER LAKES SD,Biology,Historically Underperforming,43,18.6,25.6,34.9,20.9
DEER LAKES SD,Literature,All Students,146,7.5,79.5,10.999999999999998,2.1
DEER LAKES SD,Literature,Historically Underperforming,43,2.3,67.4,23.3,7.000000000000001
EAST ALLEGHENY SD,Algebra I,All Students,113,12.4,30.099999999999998,33.6,23.9
EAST ALLEGHENY SD,Algebra I,Historically Underperforming,68,2.9,22.1,41.2,33.8
EAST ALLEGHENY SD,Biology,All Students,112,17.0,36.6,16.1,30.4
EAST ALLEGHENY SD,Biology,Historically Underperforming,68,7.400000000000001,32.4,19.1,41.2
EAST ALLEGHENY SD,Literature,All Students,115,0.0,56.49999999999999,29.600000000000005,13.900000000000002
EAST ALLEGHENY SD,Literature,Historically Underperforming,70,0.0,38.6,41.4,20.0
ELIZABETH FORWARD SD,Algebra I,All Students,166,15.7,58.4,23.5,2.4
ELIZABETH FORWARD SD,Algebra I,Historically Underperforming,63,11.1,46.0,36.5,6.3
ELIZABETH FORWARD SD,Biology,All Students,163,30.099999999999998,45.4,16.6,8.0
ELIZABETH FORWARD SD,Biology,Historically Underperforming,62,17.7,37.1,28.999999999999996,16.1
ELIZABETH FORWARD SD,Literature,All Students,159,14.499999999999998,65.4,14.499999999999998,5.7
ELIZABETH FORWARD SD,Literature,Historically Underperforming,58,8.6,51.7,27.6,12.1
FORBES RD CAREER & TECH CTR,Algebra I,All Students,19,5.299999999999999,21.1,42.1,31.6
FORBES RD CAREER & TECH CTR,Algebra I,Historically Underperforming,16,6.3,25.0,31.3,37.5
FORBES RD CAREER & TECH CTR,Biology,All Students,18,5.6000000000000005,16.7,33.3,44.4
FORBES RD CAREER & TECH CTR,Biology,Historically Underperforming,15,6.7,13.3,33.3,46.7
FORBES RD CAREER & TECH CTR,Literature,All Students,12,0.0,41.7,50.0,8.3
FORBES RD CAREER & TECH CTR,Literature,Historically Underperforming,12,0.0,41.7,50.0,8.3
FOX CHAPEL AREA SD,Algebra I,All Students,319,36.4,56.7,6.000000000000001,0.9000000000000001
FOX CHAPEL AREA SD,Algebra I,Historically Underperforming,62,21.0,61.3,12.9,4.8
FOX CHAPEL AREA SD,Biology,All Students,318,55.3,38.4,5.3,0.9000000000000001
FOX CHAPEL AREA SD,Biology,Historically Underperforming,62,28.999999999999996,51.6,14.499999999999998,4.8
FOX CHAPEL AREA SD,Literature,All Students,317,24.0,72.6,2.2,1.3
FOX CHAPEL AREA SD,Literature,Historically Underperforming,62,8.1,77.4,8.1,6.5
GATEWAY SD,Algebra I,All Students,270,17.0,62.6,17.8,2.6
GATEWAY SD,Algebra I,Historically Underperforming,116,7.8,55.2,31.0,6.0
GATEWAY SD,Biology,All Students,272,37.1,39.3,16.2,7.400000000000001
GATEWAY SD,Biology,Historically Underperforming,117,23.1,40.2,22.2,14.499999999999998
GATEWAY SD,Literature,All Students,270,21.5,60.699999999999996,13.3,4.4
GATEWAY SD,Literature,Historically Underperforming,117,9.4,57.3,23.1,10.3
HAMPTON TOWNSHIP SD,Algebra I,All Students,254,45.3,40.9,11.8,2.0
HAMPTON TOWNSHIP SD,Algebra I,Historically Underperforming,29,24.1,24.1,37.9,13.8
HAMPTON TOWNSHIP SD,Biology,All Students,254,44.9,39.0,12.2,3.9
HAMPTON TOWNSHIP SD,Biology,Historically Underperforming,29,17.2,34.5,20.700000000000003,27.6
HAMPTON TOWNSHIP SD,Literature,All Students,253,31.6,61.3,5.9,1.2
HAMPTON TOWNSHIP SD,Literature,Historically Underperforming,29,0.0,65.5,24.1,10.3
HIGHLANDS SD,Algebra I,All Students,156,10.3,50.6,32.7,6.4
HIGHLANDS SD,Algebra I,Historically Underperforming,86,9.3,38.4,40.7,11.6
HIGHLANDS SD,Biology,All Students,158,17.7,34.8,29.7,17.7
HIGHLANDS SD,Biology,Historically Underperforming,87,13.8,28.7,32.2,25.3
HIGHLANDS SD,Literature,All Students,158,1.9,63.9,21.5,12.7
HIGHLANDS SD,Literature,Historically Underperforming,87,1.1,54.0,23.0,21.8
HILL HOUSE PASSPORT ACADEMY CS,Algebra I,All Students,52,0.0,1.9,57.70000000000001,40.4
HILL HOUSE PASSPORT ACADEMY CS,Algebra I,Historically Underperforming,24,0.0,0.0,58.3,41.7
HILL HOUSE PASSPORT ACADEMY CS,Biology,All Students,46,0.0,0.0,10.9,89.1
HILL HOUSE PASSPORT ACADEMY CS,Biology,Historically Underperforming,21,0.0,0.0,4.8,95.2
HILL HOUSE PASSPORT ACADEMY CS,Literature,All Students,49,0.0,14.3,65.3,20.399999999999995
HILL HOUSE PASSPORT ACADEMY CS,Literature,Historically Underperforming,21,0.0,4.8,66.7,28.6
KEYSTONE OAKS SD,Algebra I,All Students,141,16.3,65.2,12.8,5.700000000000001
KEYSTONE OAKS SD,Algebra I,Historically Underperforming,67,11.9,55.2,22.4,10.4
KEYSTONE OAKS SD,Biology,All Students,141,10.6,44.7,34.8,9.9
KEYSTONE OAKS SD,Biology,Historically Underperforming,67,2.9999999999999996,35.8,46.3,14.899999999999999
KEYSTONE OAKS SD,Literature,All Students,143,5.6,77.6,14.7,2.1
KEYSTONE OAKS SD,Literature,Historically Underperforming,69,0.0,72.5,23.2,4.3
MCKEESPORT AREA SD,Algebra I,All Students,209,8.600000000000001,31.6,44.49999999999999,15.299999999999999
MCKEESPORT AREA SD,Algebra I,Historically Underperforming,141,8.5,29.100000000000005,45.4,17.0
MCKEESPORT AREA SD,Biology,All Students,211,17.5,26.1,28.000000000000004,28.4
MCKEESPORT AREA SD,Biology,Historically Underperforming,143,12.6,25.2,28.000000000000004,34.3
MCKEESPORT AREA SD,Literature,All Students,214,6.1,52.300000000000004,32.2,9.300000000000002
MCKEESPORT AREA SD,Literature,Historically Underperforming,146,3.4000000000000004,47.9,35.6,13.0
MCKEESPORT AREA TECH CTR,Algebra I,All Students,7,NULL,NULL,NULL,NULL
MCKEESPORT AREA TECH CTR,Algebra I,Historically Underperforming,5,NULL,NULL,NULL,NULL
MCKEESPORT AREA TECH CTR,Biology,All Students,7,NULL,NULL,NULL,NULL
MCKEESPORT AREA TECH CTR,Biology,Historically Underperforming,6,NULL,NULL,NULL,NULL
MCKEESPORT AREA TECH CTR,Literature,All Students,8,NULL,NULL,NULL,NULL
MCKEESPORT AREA TECH CTR,Literature,Historically Underperforming,7,NULL,NULL,NULL,NULL
MONTOUR SD,Algebra I,All Students,244,20.1,64.3,12.7,2.9
MONTOUR SD,Algebra I,Historically Underperforming,69,14.499999999999998,49.300000000000004,27.500000000000004,8.7
MONTOUR SD,Biology,All Students,244,38.9,44.7,11.9,4.5
MONTOUR SD,Biology,Historically Underperforming,69,21.7,42.0,20.3,15.9
MONTOUR SD,Literature,All Students,244,11.5,75.4,9.8,3.3000000000000003
MONTOUR SD,Literature,Historically Underperforming,69,2.9,63.800000000000004,21.7,11.6
MOON AREA SD,Algebra I,All Students,285,26.700000000000003,64.2,5.3,3.9
MOON AREA SD,Algebra I,Historically Underperforming,49,8.2,51.0,18.4,22.4
MOON AREA SD,Biology,All Students,284,48.2,42.3,6.7,2.8
MOON AREA SD,Biology,Historically Underperforming,49,16.3,44.9,22.4,16.3
MOON AREA SD,Literature,All Students,285,17.5,77.5,3.5000000000000004,1.4
MOON AREA SD,Literature,Historically Underperforming,49,8.2,65.3,18.4,8.2
MT LEBANON SD,Algebra I,All Students,424,32.8,59.20000000000001,5.9,2.1
MT LEBANON SD,Algebra I,Historically Underperforming,87,16.1,51.7,21.8,10.3
MT LEBANON SD,Biology,All Students,421,43.0,43.89999999999999,10.200000000000001,2.9
MT LEBANON SD,Biology,Historically Underperforming,85,27.1,32.9,25.900000000000002,14.099999999999998
MT LEBANON SD,Literature,All Students,421,20.400000000000002,74.1,3.6000000000000005,1.9
MT LEBANON SD,Literature,Historically Underperforming,87,8.0,67.8,14.899999999999999,9.2
NORTH ALLEGHENY SD,Algebra I,All Students,651,40.39999999999999,51.6,6.1,1.8000000000000003
NORTH ALLEGHENY SD,Algebra I,Historically Underperforming,90,16.7,42.2,27.800000000000004,13.3
NORTH ALLEGHENY SD,Biology,All Students,648,53.5,33.6,9.4,3.4000000000000004
NORTH ALLEGHENY SD,Biology,Historically Underperforming,89,15.7,32.6,31.5,20.2
NORTH ALLEGHENY SD,Literature,All Students,651,29.5,64.5,4.6,1.4
NORTH ALLEGHENY SD,Literature,Historically Underperforming,90,5.599999999999999,60.0,24.400000000000002,10.0
NORTH HILLS SD,Algebra I,All Students,376,38.0,44.1,13.3,4.5
NORTH HILLS SD,Algebra I,Historically Underperforming,113,18.6,35.4,31.0,15.0
NORTH HILLS SD,Biology,All Students,375,34.9,47.199999999999996,11.199999999999998,6.7
NORTH HILLS SD,Biology,Historically Underperforming,111,16.2,41.4,24.3,18.0
NORTH HILLS SD,Literature,All Students,372,17.2,70.4,8.3,4.0
NORTH HILLS SD,Literature,Historically Underperforming,108,6.5,60.19999999999999,21.299999999999997,12.0
NORTHGATE SD,Algebra I,All Students,78,6.4,44.9,35.9,12.8
NORTHGATE SD,Algebra I,Historically Underperforming,44,6.800000000000001,27.3,50.0,15.9
NORTHGATE SD,Biology,All Students,79,20.300000000000004,26.6,25.3,27.800000000000004
NORTHGATE SD,Biology,Historically Underperforming,45,8.900000000000002,24.400000000000002,28.9,37.8
NORTHGATE SD,Literature,All Students,78,10.3,59.0,21.800000000000004,9.0
NORTHGATE SD,Literature,Historically Underperforming,45,6.7,46.7,31.1,15.6
PA DISTANCE LEARNING CS,Algebra I,All Students,35,2.9,28.6,51.4,17.1
PA DISTANCE LEARNING CS,Algebra I,Historically Underperforming,13,0.0,7.699999999999998,69.2,23.1
PA DISTANCE LEARNING CS,Biology,All Students,35,11.4,37.1,25.7,25.7
PA DISTANCE LEARNING CS,Biology,Historically Underperforming,13,7.699999999999998,15.399999999999997,23.1,53.79999999999999
PA DISTANCE LEARNING CS,Literature,All Students,35,2.9,57.10000000000001,31.4,8.6
PA DISTANCE LEARNING CS,Literature,Historically Underperforming,13,0.0,30.799999999999994,53.79999999999999,15.399999999999997
PARKWAY WEST AVTS,Algebra I,All Students,4,NULL,NULL,NULL,NULL
PARKWAY WEST AVTS,Algebra I,Historically Underperforming,2,NULL,NULL,NULL,NULL
PARKWAY WEST AVTS,Biology,All Students,4,NULL,NULL,NULL,NULL
PARKWAY WEST AVTS,Biology,Historically Underperforming,2,NULL,NULL,NULL,NULL
PARKWAY WEST AVTS,Literature,All Students,3,NULL,NULL,NULL,NULL
PARKWAY WEST AVTS,Literature,Historically Underperforming,1,NULL,NULL,NULL,NULL
PENN HILLS SD,Algebra I,All Students,303,7.6,33.0,40.6,18.8
PENN HILLS SD,Algebra I,Historically Underperforming,170,5.3,27.1,42.4,25.3
PENN HILLS SD,Biology,All Students,303,13.900000000000002,31.4,27.399999999999995,27.399999999999995
PENN HILLS SD,Biology,Historically Underperforming,162,9.9,24.1,28.4,37.7
PENN HILLS SD,Literature,All Students,309,3.6000000000000005,53.7,31.4,11.3
PENN HILLS SD,Literature,Historically Underperforming,170,1.8000000000000003,45.3,37.1,15.9
PINE-RICHLAND SD,Algebra I,All Students,340,40.900000000000006,49.1,8.5,1.5
PINE-RICHLAND SD,Algebra I,Historically Underperforming,73,31.5,32.9,28.800000000000004,6.800000000000001
PINE-RICHLAND SD,Biology,All Students,348,40.5,47.1,9.8,2.6
PINE-RICHLAND SD,Biology,Historically Underperforming,73,28.800000000000004,35.6,23.3,12.3
PINE-RICHLAND SD,Literature,All Students,347,13.8,80.10000000000001,5.5,0.6
PINE-RICHLAND SD,Literature,Historically Underperforming,74,5.4,67.6,24.3,2.7
PITTSBURGH SD,Algebra I,All Students,1376,9.452834302325583,41.48800872093023,36.41206395348838,12.637645348837209
PITTSBURGH SD,Algebra I,Historically Underperforming,938,4.884434968017058,35.50031982942431,42.55735607675907,17.05597014925373
PITTSBURGH SD,Biology,All Students,1369,13.431921110299488,29.25010956902849,28.99846603360117,28.347772096420748
PITTSBURGH SD,Biology,Historically Underperforming,937,5.135538954108858,24.43553895410886,34.06136606189969,36.388473852721454
PITTSBURGH SD,Literature,All Students,1363,6.234336023477622,60.030887747615544,23.336463683052088,10.422450476889217
PITTSBURGH SD,Literature,Historically Underperforming,927,2.6908306364617047,53.62179072276161,29.77820927723841,13.902912621359222
PLUM BOROUGH SD,Algebra I,All Students,308,10.7,71.8,14.6,2.8999999999999995
PLUM BOROUGH SD,Algebra I,Historically Underperforming,82,2.4,59.8,26.8,11.0
PLUM BOROUGH SD,Biology,All Students,307,31.6,45.9,17.3,5.2
PLUM BOROUGH SD,Biology,Historically Underperforming,80,15.0,42.5,26.3,16.3
PLUM BOROUGH SD,Literature,All Students,308,13.3,73.4,11.4,1.9
PLUM BOROUGH SD,Literature,Historically Underperforming,82,6.1,59.8,28.000000000000004,6.1
PROPEL CS - BRADDOCK HILLS,Algebra I,All Students,67,1.4999999999999998,43.3,46.3,9.0
PROPEL CS - BRADDOCK HILLS,Algebra I,Historically Underperforming,50,0.0,40.0,48.0,12.0
PROPEL CS - BRADDOCK HILLS,Biology,All Students,62,4.8,17.7,28.999999999999996,48.4
PROPEL CS - BRADDOCK HILLS,Biology,Historically Underperforming,47,2.1,19.1,27.699999999999996,51.1
PROPEL CS - BRADDOCK HILLS,Literature,All Students,65,6.200000000000001,50.8,24.6,18.5
PROPEL CS - BRADDOCK HILLS,Literature,Historically Underperforming,49,6.1,46.9,24.499999999999996,22.4
PROPEL CS - HOMESTEAD,Algebra I,All Students,38,0.0,39.5,42.1,18.4
PROPEL CS - HOMESTEAD,Algebra I,Historically Underperforming,31,0.0,38.7,38.7,22.6
PROPEL CS - HOMESTEAD,Biology,All Students,38,2.6,21.1,23.700000000000003,52.6
PROPEL CS - HOMESTEAD,Biology,Historically Underperforming,31,0.0,22.6,25.8,51.6
PROPEL CS - HOMESTEAD,Literature,All Students,38,2.6,47.400000000000006,36.8,13.200000000000001
PROPEL CS - HOMESTEAD,Literature,Historically Underperforming,31,0.0,51.6,32.3,16.1
QUAKER VALLEY SD,Algebra I,All Students,147,36.7,49.7,8.8,4.8
QUAKER VALLEY SD,Algebra I,Historically Underperforming,27,18.5,37.0,25.900000000000002,18.5
QUAKER VALLEY SD,Biology,All Students,146,61.0,23.3,9.6,6.2
QUAKER VALLEY SD,Biology,Historically Underperforming,27,25.900000000000002,11.1,37.0,25.900000000000002
QUAKER VALLEY SD,Literature,All Students,149,23.5,67.1,5.4,4.0
QUAKER VALLEY SD,Literature,Historically Underperforming,28,7.1,53.6,21.4,17.9
RIVERVIEW SD,Algebra I,All Students,76,19.7,40.8,31.6,7.9
RIVERVIEW SD,Algebra I,Historically Underperforming,41,7.3,31.7,48.8,12.2
RIVERVIEW SD,Biology,All Students,75,30.7,33.3,16.0,20.0
RIVERVIEW SD,Biology,Historically Underperforming,40,7.5,35.0,22.5,35.0
RIVERVIEW SD,Literature,All Students,75,6.7,66.7,20.0,6.7
RIVERVIEW SD,Literature,Historically Underperforming,40,0.0,57.49999999999999,30.0,12.5
SHALER AREA SD,Algebra I,All Students,336,10.7,62.2,21.099999999999998,6.0
SHALER AREA SD,Algebra I,Historically Underperforming,126,6.3,50.8,29.4,13.5
SHALER AREA SD,Biology,All Students,335,24.5,47.8,17.0,10.7
SHALER AREA SD,Biology,Historically Underperforming,126,14.3,42.9,24.6,18.3
SHALER AREA SD,Literature,All Students,333,4.5,78.1,11.7,5.7
SHALER AREA SD,Literature,Historically Underperforming,123,0.0,71.5,13.0,15.4
SOUTH ALLEGHENY SD,Algebra I,All Students,92,4.3,46.70000000000001,44.60000000000001,4.3
SOUTH ALLEGHENY SD,Algebra I,Historically Underperforming,46,4.3,37.0,50.0,8.7
SOUTH ALLEGHENY SD,Biology,All Students,92,14.099999999999998,46.70000000000001,23.9,15.2
SOUTH ALLEGHENY SD,Biology,Historically Underperforming,46,10.9,39.1,21.7,28.300000000000004
SOUTH ALLEGHENY SD,Literature,All Students,92,4.3,67.4,23.9,4.3
SOUTH ALLEGHENY SD,Literature,Historically Underperforming,46,4.3,54.29999999999999,34.8,6.5
SOUTH FAYETTE TOWNSHIP SD,Algebra I,All Students,194,37.6,55.2,5.7,1.4999999999999998
SOUTH FAYETTE TOWNSHIP SD,Algebra I,Historically Underperforming,45,15.6,60.0,17.800000000000004,6.7
SOUTH FAYETTE TOWNSHIP SD,Biology,All Students,194,39.7,44.3,13.4,2.6
SOUTH FAYETTE TOWNSHIP SD,Biology,Historically Underperforming,45,17.800000000000004,37.8,33.3,11.1
SOUTH FAYETTE TOWNSHIP SD,Literature,All Students,194,18.000000000000004,69.6,8.8,3.6000000000000005
SOUTH FAYETTE TOWNSHIP SD,Literature,Historically Underperforming,45,8.900000000000002,53.29999999999999,24.400000000000002,13.3
SOUTH PARK SD,Algebra I,All Students,143,23.799999999999997,55.2,16.1,4.9
SOUTH PARK SD,Algebra I,Historically Underperforming,45,17.800000000000004,37.8,28.9,15.6
SOUTH PARK SD,Biology,All Students,144,38.2,38.9,13.200000000000001,9.7
SOUTH PARK SD,Biology,Historically Underperforming,45,20.0,35.60000000000001,15.6,28.9
SOUTH PARK SD,Literature,All Students,144,8.3,76.4,10.4,4.9
SOUTH PARK SD,Literature,Historically Underperforming,45,6.7,57.8,20.0,15.6
SPECTRUM CS,Algebra I,All Students,2,NULL,NULL,NULL,NULL
SPECTRUM CS,Algebra I,Historically Underperforming,2,NULL,NULL,NULL,NULL
SPECTRUM CS,Biology,All Students,1,NULL,NULL,NULL,NULL
SPECTRUM CS,Biology,Historically Underperforming,1,NULL,NULL,NULL,NULL
SPECTRUM CS,Literature,All Students,1,NULL,NULL,NULL,NULL
SPECTRUM CS,Literature,Historically Underperforming,1,NULL,NULL,NULL,NULL
STEEL CENTER AVTS,Algebra I,All Students,6,NULL,NULL,NULL,NULL
STEEL CENTER AVTS,Algebra I,Historically Underperforming,6,NULL,NULL,NULL,NULL
STEEL CENTER AVTS,Biology,All Students,6,NULL,NULL,NULL,NULL
STEEL CENTER AVTS,Biology,Historically Underperforming,6,NULL,NULL,NULL,NULL
STEEL CENTER AVTS,Literature,All Students,5,NULL,NULL,NULL,NULL
STEEL CENTER AVTS,Literature,Historically Underperforming,5,NULL,NULL,NULL,NULL
STEEL VALLEY SD,Algebra I,All Students,103,3.9,48.5,35.0,12.6
STEEL VALLEY SD,Algebra I,Historically Underperforming,80,5.0,45.0,36.3,13.8
STEEL VALLEY SD,Biology,All Students,104,4.8,41.3,23.1,30.799999999999994
STEEL VALLEY SD,Biology,Historically Underperforming,81,3.7000000000000006,40.699999999999996,23.5,32.1
STEEL VALLEY SD,Literature,All Students,103,0.0,65.0,22.3,12.6
STEEL VALLEY SD,Literature,Historically Underperforming,80,0.0,61.3,23.800000000000004,15.0
STO-ROX SD,Algebra I,All Students,64,0.0,23.4,48.4,28.1
STO-ROX SD,Algebra I,Historically Underperforming,46,0.0,17.4,52.2,30.4
STO-ROX SD,Biology,All Students,63,4.8,15.9,36.5,42.9
STO-ROX SD,Biology,Historically Underperforming,45,2.2,17.800000000000004,31.1,48.9
STO-ROX SD,Literature,All Students,63,1.6,33.3,44.4,20.6
STO-ROX SD,Literature,Historically Underperforming,45,2.2,26.700000000000003,44.4,26.700000000000003
UPPER SAINT CLAIR SD,Algebra I,All Students,358,40.5,52.800000000000004,6.1000000000000005,0.6
UPPER SAINT CLAIR SD,Algebra I,Historically Underperforming,70,14.3,55.7,27.1,2.9
UPPER SAINT CLAIR SD,Biology,All Students,357,59.9,34.5,3.6000000000000005,2.0
UPPER SAINT CLAIR SD,Biology,Historically Underperforming,69,34.8,39.1,17.4,8.7
UPPER SAINT CLAIR SD,Literature,All Students,357,22.699999999999996,73.1,4.2,0.0
UPPER SAINT CLAIR SD,Literature,Historically Underperforming,69,14.499999999999998,66.7,18.8,0.0
URBAN PATHWAYS 6-12 CHARTER SCHO,Algebra I,All Students,41,0.0,36.6,48.8,14.6
URBAN PATHWAYS 6-12 CHARTER SCHO,Algebra I,Historically Underperforming,30,0.0,33.3,50.0,16.7
URBAN PATHWAYS 6-12 CHARTER SCHO,Biology,All Students,41,0.0,22.0,43.89999999999999,34.1
URBAN PATHWAYS 6-12 CHARTER SCHO,Biology,Historically Underperforming,30,0.0,16.7,43.3,40.0
URBAN PATHWAYS 6-12 CHARTER SCHO,Literature,All Students,41,0.0,61.0,29.299999999999997,9.799999999999999
URBAN PATHWAYS 6-12 CHARTER SCHO,Literature,Historically Underperforming,30,0.0,60.0,26.700000000000003,13.3
WEST ALLEGHENY SD,Algebra I,All Students,278,20.1,59.699999999999996,15.1,5.0
WEST ALLEGHENY SD,Algebra I,Historically Underperforming,70,5.7,45.7,31.4,17.1
WEST ALLEGHENY SD,Biology,All Students,278,28.1,52.5,15.8,3.6000000000000005
WEST ALLEGHENY SD,Biology,Historically Underperforming,69,10.1,46.4,33.3,10.1
WEST ALLEGHENY SD,Literature,All Students,276,11.2,77.2,9.8,1.8000000000000003
WEST ALLEGHENY SD,Literature,Historically Underperforming,70,4.3,65.7,24.299999999999997,5.7
WEST JEFFERSON HILLS SD,Algebra I,All Students,221,15.4,67.4,14.499999999999996,2.7
WEST JEFFERSON HILLS SD,Algebra I,Historically Underperforming,49,6.1,48.99999999999999,34.699999999999996,10.199999999999998
WEST JEFFERSON HILLS SD,Biology,All Students,222,25.2,57.70000000000001,12.6,4.5
WEST JEFFERSON HILLS SD,Biology,Historically Underperforming,47,12.8,42.6,25.5,19.1
WEST JEFFERSON HILLS SD,Literature,All Students,223,22.400000000000002,69.1,6.3,2.2
WEST JEFFERSON HILLS SD,Literature,Historically Underperforming,48,12.5,56.3,20.800000000000004,10.400000000000002
WEST MIFFLIN AREA SD,Algebra I,All Students,229,2.2,54.6,30.099999999999998,13.100000000000001
WEST MIFFLIN AREA SD,Algebra I,Historically Underperforming,123,1.6,39.8,35.8,22.8
WEST MIFFLIN AREA SD,Biology,All Students,228,14.000000000000002,33.8,28.9,23.2
WEST MIFFLIN AREA SD,Biology,Historically Underperforming,124,8.1,26.6,29.799999999999997,35.5
WEST MIFFLIN AREA SD,Literature,All Students,227,3.1,66.5,20.3,10.1
WEST MIFFLIN AREA SD,Literature,Historically Underperforming,122,2.5,52.5,27.0,18.0
WILKINSBURG BOROUGH SD,Algebra I,All Students,24,0.0,12.5,54.2,33.3
WILKINSBURG BOROUGH SD,Algebra I,Historically Underperforming,20,0.0,15.0,45.0,40.0
WILKINSBURG BOROUGH SD,Biology,All Students,23,0.0,0.0,43.50000000000001,56.49999999999999
WILKINSBURG BOROUGH SD,Biology,Historically Underperforming,19,0.0,0.0,36.8,63.2
WILKINSBURG BOROUGH SD,Literature,All Students,24,0.0,20.800000000000004,54.2,25.0
WILKINSBURG BOROUGH SD,Literature,Historically Underperforming,19,0.0,21.1,47.400000000000006,31.6
WOODLAND HILLS SD,Algebra I,All Students,237,7.200000000000001,49.8,31.2,11.8
WOODLAND HILLS SD,Algebra I,Historically Underperforming,110,2.7,35.5,39.10000000000001,22.7
WOODLAND HILLS SD,Biology,All Students,240,13.3,34.2,30.8,21.7
WOODLAND HILLS SD,Biology,Historically Underperforming,115,1.7000000000000002,28.7,33.0,36.5
WOODLAND HILLS SD,Literature,All Students,236,4.7,65.3,20.8,9.3
WOODLAND HILLS SD,Literature,Historically Underperforming,108,0.9000000000000001,54.6,25.0,19.4
APOLLO-RIDGE SD,Algebra I,All Students,74,5.4,71.6,21.6,1.3999999999999997
APOLLO-RIDGE SD,Algebra I,Historically Underperforming,34,5.9,64.7,26.5,2.9
APOLLO-RIDGE SD,Biology,All Students,76,14.499999999999998,63.2,22.4,0.0
APOLLO-RIDGE SD,Biology,Historically Underperforming,35,5.7,57.10000000000001,37.1,0.0
APOLLO-RIDGE SD,Literature,All Students,75,10.7,74.7,12.0,2.7
APOLLO-RIDGE SD,Literature,Historically Underperforming,34,0.0,73.5,20.6,5.9
ARMSTRONG SD,Algebra I,All Students,287,8.730313588850175,70.76132404181186,17.762717770034843,2.818466898954704
ARMSTRONG SD,Algebra I,Historically Underperforming,104,4.783653846153846,54.784615384615385,33.621153846153845,6.734615384615385
ARMSTRONG SD,Biology,All Students,289,28.367820069204154,45.65640138408305,20.074740484429064,5.901038062283737
ARMSTRONG SD,Biology,Historically Underperforming,104,21.139423076923077,33.61923076923077,33.67115384615384,11.570192307692308
ARMSTRONG SD,Literature,All Students,291,6.2106529209621995,75.25017182130583,14.81237113402062,3.8003436426116837
ARMSTRONG SD,Literature,Historically Underperforming,106,2.8037735849056604,62.24245283018869,26.39528301886792,8.482075471698112
FREEPORT AREA SD,Algebra I,All Students,136,33.8,53.7,11.8,0.7
FREEPORT AREA SD,Algebra I,Historically Underperforming,36,22.2,61.1,13.900000000000002,2.8000000000000003
FREEPORT AREA SD,Biology,All Students,138,57.99999999999999,28.300000000000004,10.1,3.6000000000000005
FREEPORT AREA SD,Biology,Historically Underperforming,38,39.5,26.3,23.700000000000003,10.5
FREEPORT AREA SD,Literature,All Students,136,16.2,75.0,6.6000000000000005,2.2
FREEPORT AREA SD,Literature,Historically Underperforming,37,8.1,64.9,18.9,8.1
LEECHBURG AREA SD,Algebra I,All Students,46,8.7,71.70000000000002,15.2,4.3
LEECHBURG AREA SD,Algebra I,Historically Underperforming,19,10.5,52.6,26.3,10.5
LEECHBURG AREA SD,Biology,All Students,46,19.6,56.49999999999999,17.4,6.5
LEECHBURG AREA SD,Biology,Historically Underperforming,19,15.8,42.1,26.3,15.8
LEECHBURG AREA SD,Literature,All Students,46,13.0,76.1,8.7,2.1999999999999997
LEECHBURG AREA SD,Literature,Historically Underperforming,18,16.7,61.1,16.7,5.6000000000000005
LENAPE AVTS,Algebra I,All Students,209,3.3000000000000003,55.00000000000001,32.1,9.6
LENAPE AVTS,Algebra I,Historically Underperforming,129,2.3,43.4,38.8,15.5
LENAPE AVTS,Biology,All Students,210,11.0,57.10000000000001,21.000000000000004,11.0
LENAPE AVTS,Biology,Historically Underperforming,130,7.7,50.8,23.8,17.7
LENAPE AVTS,Literature,All Students,210,1.0,64.3,27.1,7.6
LENAPE AVTS,Literature,Historically Underperforming,130,0.8,56.2,30.8,12.3
ALIQUIPPA SD,Algebra I,All Students,71,11.299999999999999,26.8,42.3,19.7
ALIQUIPPA SD,Algebra I,Historically Underperforming,68,10.3,25.0,44.1,20.6
ALIQUIPPA SD,Biology,All Students,70,5.7,18.6,40.0,35.7
ALIQUIPPA SD,Biology,Historically Underperforming,67,5.999999999999999,16.4,40.3,37.3
ALIQUIPPA SD,Literature,All Students,71,1.4,57.70000000000001,31.0,9.9
ALIQUIPPA SD,Literature,Historically Underperforming,68,1.5,55.89999999999999,32.4,10.3
AMBRIDGE AREA SD,Algebra I,All Students,171,11.7,49.1,32.7,6.4
AMBRIDGE AREA SD,Algebra I,Historically Underperforming,75,8.0,41.3,40.0,10.7
AMBRIDGE AREA SD,Biology,All Students,174,19.0,44.800000000000004,23.599999999999998,12.6
AMBRIDGE AREA SD,Biology,Historically Underperforming,77,11.700000000000001,39.0,26.0,23.400000000000002
AMBRIDGE AREA SD,Literature,All Students,172,6.4,67.4,19.2,7.000000000000001
AMBRIDGE AREA SD,Literature,Historically Underperforming,77,3.9,58.4,27.3,10.4
BEAVER AREA SD,Algebra I,All Students,168,27.399999999999995,61.9,7.7,3.0
BEAVER AREA SD,Algebra I,Historically Underperforming,27,7.400000000000001,63.0,18.5,11.1
BEAVER AREA SD,Biology,All Students,169,42.6,43.2,10.1,4.1
BEAVER AREA SD,Biology,Historically Underperforming,27,25.900000000000002,40.7,18.5,14.800000000000002
BEAVER AREA SD,Literature,All Students,166,11.399999999999999,80.7,6.6000000000000005,1.2
BEAVER AREA SD,Literature,Historically Underperforming,25,8.0,72.0,16.0,4.0
BEAVER COUNTY AVTS,Algebra I,All Students,6,NULL,NULL,NULL,NULL
BEAVER COUNTY AVTS,Algebra I,Historically Underperforming,3,NULL,NULL,NULL,NULL
BEAVER COUNTY AVTS,Biology,All Students,7,NULL,NULL,NULL,NULL
BEAVER COUNTY AVTS,Biology,Historically Underperforming,4,NULL,NULL,NULL,NULL
BEAVER COUNTY AVTS,Literature,All Students,7,NULL,NULL,NULL,NULL
BEAVER COUNTY AVTS,Literature,Historically Underperforming,4,NULL,NULL,NULL,NULL
BIG BEAVER FALLS AREA SD,Algebra I,All Students,116,10.3,49.1,28.4,12.1
BIG BEAVER FALLS AREA SD,Algebra I,Historically Underperforming,77,7.8,37.7,37.7,16.9
BIG BEAVER FALLS AREA SD,Biology,All Students,115,7.000000000000001,39.1,27.0,27.0
BIG BEAVER FALLS AREA SD,Biology,Historically Underperforming,75,5.3,25.3,34.7,34.7
BIG BEAVER FALLS AREA SD,Literature,All Students,114,1.8000000000000003,68.39999999999999,17.5,12.3
BIG BEAVER FALLS AREA SD,Literature,Historically Underperforming,75,1.3,60.0,20.0,18.7
BLACKHAWK SD,Algebra I,All Students,175,16.6,64.0,17.7,1.7000000000000002
BLACKHAWK SD,Algebra I,Historically Underperforming,47,12.8,51.1,29.799999999999997,6.4
BLACKHAWK SD,Biology,All Students,174,41.400000000000006,48.9,9.2,0.6
BLACKHAWK SD,Biology,Historically Underperforming,47,21.3,61.7,14.899999999999999,2.1
BLACKHAWK SD,Literature,All Students,173,11.6,80.90000000000002,6.9,0.6
BLACKHAWK SD,Literature,Historically Underperforming,46,2.1999999999999997,80.4,15.2,2.1999999999999997
CENTRAL VALLEY SD,Algebra I,All Students,164,20.099999999999998,54.89999999999999,20.099999999999998,4.8999999999999995
CENTRAL VALLEY SD,Algebra I,Historically Underperforming,65,9.2,40.0,38.5,12.3
CENTRAL VALLEY SD,Biology,All Students,162,15.4,48.10000000000001,25.3,11.1
CENTRAL VALLEY SD,Biology,Historically Underperforming,63,11.1,36.5,27.0,25.4
CENTRAL VALLEY SD,Literature,All Students,161,4.3,78.3,14.3,3.0999999999999996
CENTRAL VALLEY SD,Literature,Historically Underperforming,62,4.8,58.099999999999994,28.999999999999996,8.1
FREEDOM AREA SD,Algebra I,All Students,88,4.5,68.2,23.9,3.4000000000000004
FREEDOM AREA SD,Algebra I,Historically Underperforming,35,2.9,60.0,28.6,8.6
FREEDOM AREA SD,Biology,All Students,90,16.7,50.0,24.400000000000002,8.900000000000002
FREEDOM AREA SD,Biology,Historically Underperforming,35,8.6,45.7,25.7,20.0
FREEDOM AREA SD,Literature,All Students,90,5.599999999999999,77.8,14.400000000000002,2.2
FREEDOM AREA SD,Literature,Historically Underperforming,35,0.0,65.7,28.6,5.7
HOPEWELL AREA SD,Algebra I,All Students,163,27.0,51.5,12.9,8.6
HOPEWELL AREA SD,Algebra I,Historically Underperforming,50,6.0,50.0,18.0,26.0
HOPEWELL AREA SD,Biology,All Students,165,22.399999999999995,46.7,21.8,9.1
HOPEWELL AREA SD,Biology,Historically Underperforming,52,7.699999999999998,38.5,28.800000000000004,25.0
HOPEWELL AREA SD,Literature,All Students,163,9.2,72.4,14.099999999999998,4.3
HOPEWELL AREA SD,Literature,Historically Underperforming,52,1.9,53.79999999999999,30.799999999999994,13.5
LINCOLN PARK PERFORMING ARTS CS,Algebra I,All Students,118,18.6,56.800000000000004,20.3,4.2
LINCOLN PARK PERFORMING ARTS CS,Algebra I,Historically Underperforming,30,20.0,36.7,26.700000000000003,16.7
LINCOLN PARK PERFORMING ARTS CS,Biology,All Students,118,20.3,60.199999999999996,13.600000000000001,5.9
LINCOLN PARK PERFORMING ARTS CS,Biology,Historically Underperforming,30,13.3,53.29999999999999,23.3,10.0
LINCOLN PARK PERFORMING ARTS CS,Literature,All Students,118,11.0,78.8,7.6,2.5
LINCOLN PARK PERFORMING ARTS CS,Literature,Historically Underperforming,30,6.7,70.0,13.3,10.0
NEW BRIGHTON AREA SD,Algebra I,All Students,90,2.2,64.4,30.0,3.3000000000000003
NEW BRIGHTON AREA SD,Algebra I,Historically Underperforming,50,0.0,57.99999999999999,36.0,6.0
NEW BRIGHTON AREA SD,Biology,All Students,90,21.1,51.1,25.6,2.2
NEW BRIGHTON AREA SD,Biology,Historically Underperforming,50,24.0,38.0,34.0,4.0
NEW BRIGHTON AREA SD,Literature,All Students,90,0.0,75.6,22.2,2.2
NEW BRIGHTON AREA SD,Literature,Historically Underperforming,50,0.0,68.0,28.000000000000004,4.0
PA CYBER CS,Algebra I,All Students,959,6.7,40.3,37.2,15.8
PA CYBER CS,Algebra I,Historically Underperforming,380,2.9,27.399999999999995,40.5,29.2
PA CYBER CS,Biology,All Students,952,10.8,36.2,28.199999999999996,24.8
PA CYBER CS,Biology,Historically Underperforming,374,6.7,25.7,28.9,38.800000000000004
PA CYBER CS,Literature,All Students,958,3.1,62.9,27.500000000000004,6.5
PA CYBER CS,Literature,Historically Underperforming,378,1.9,45.5,39.89999999999999,12.7
RIVERSIDE BEAVER COUNTY SD,Algebra I,All Students,118,28.800000000000004,46.599999999999994,17.8,6.800000000000001
RIVERSIDE BEAVER COUNTY SD,Algebra I,Historically Underperforming,46,21.7,32.6,30.4,15.2
RIVERSIDE BEAVER COUNTY SD,Biology,All Students,118,30.5,38.1,25.4,5.9
RIVERSIDE BEAVER COUNTY SD,Biology,Historically Underperforming,46,19.6,26.1,43.50000000000001,10.9
RIVERSIDE BEAVER COUNTY SD,Literature,All Students,118,13.600000000000001,70.3,13.600000000000001,2.5
RIVERSIDE BEAVER COUNTY SD,Literature,Historically Underperforming,46,2.1999999999999997,60.9,32.6,4.3
ROCHESTER AREA SD,Algebra I,All Students,50,2.0,66.0,10.0,22.0
ROCHESTER AREA SD,Algebra I,Historically Underperforming,32,0.0,56.3,9.4,34.4
ROCHESTER AREA SD,Biology,All Students,49,28.6,36.70000000000001,16.3,18.4
ROCHESTER AREA SD,Biology,Historically Underperforming,31,19.4,35.5,19.4,25.8
ROCHESTER AREA SD,Literature,All Students,49,4.1,65.3,18.4,12.2
ROCHESTER AREA SD,Literature,Historically Underperforming,31,3.2,54.79999999999999,22.6,19.4
