District,Subject,Demographic,Total_Students,p4,p5,p6,p7
BERMUDIAN SPRINGS SD,Algebra I,All Students,162,29.600000000000005,41.4,21.6,7.400000000000001
BERMUDIAN SPRINGS SD,Algebra I,Historically Underperforming,69,24.6,28.999999999999996,30.4,15.9
BERMUDIAN SPRINGS SD,Biology,All Students,159,23.3,42.1,21.999999999999996,12.6
BERMUDIAN SPRINGS SD,Biology,Historically Underperforming,67,9.0,37.3,28.4,25.4
BERMUDIAN SPRINGS SD,Literature,All Students,159,11.299999999999999,66.0,15.1,7.5
BERMUDIAN SPRINGS SD,Literature,Historically Underperforming,68,4.4,58.8,20.6,16.2
CONEWAGO VALLEY SD,Algebra I,All Students,276,35.1,42.4,16.3,6.199999999999999
CONEWAGO VALLEY SD,Algebra I,Historically Underperforming,99,18.2,42.4,23.200000000000003,16.2
CONEWAGO VALLEY SD,Biology,All Students,277,42.2,35.4,13.0,9.4
CONEWAGO VALLEY SD,Biology,Historically Underperforming,100,24.0,37.0,21.0,18.0
CONEWAGO VALLEY SD,Literature,All Students,277,11.2,69.0,14.800000000000002,5.1
CONEWAGO VALLEY SD,Literature,Historically Underperforming,100,6.0,55.00000000000001,27.0,12.0
FAIRFIELD AREA SD,Algebra I,All Students,93,17.2,59.099999999999994,21.500000000000004,2.2
FAIRFIELD AREA SD,Algebra I,Historically Underperforming,19,5.299999999999999,63.2,26.3,5.299999999999999
FAIRFIELD AREA SD,Biology,All Students,93,25.8,43.00000000000001,24.7,6.5
FAIRFIELD AREA SD,Biology,Historically Underperforming,19,21.1,26.3,42.1,10.5
FAIRFIELD AREA SD,Literature,All Students,93,10.8,71.0,16.1,2.2
FAIRFIELD AREA SD,Literature,Historically Underperforming,19,0.0,73.7,21.1,5.299999999999999
GETTYSBURG AREA SD,Algebra I,All Students,221,29.39999999999999,42.1,20.4,8.1
GETTYSBURG AREA SD,Algebra I,Historically Underperforming,105,15.2,38.1,32.4,14.3
GETTYSBURG AREA SD,Biology,All Students,221,26.700000000000003,45.7,18.6,9.0
GETTYSBURG AREA SD,Biology,Historically Underperforming,104,15.399999999999997,41.3,26.0,17.3
GETTYSBURG AREA SD,Literature,All Students,222,9.9,68.90000000000002,17.1,4.1
GETTYSBURG AREA SD,Literature,Historically Underperforming,104,4.8,57.70000000000001,30.799999999999994,6.7
LITTLESTOWN AREA SD,Algebra I,All Students,137,44.5,39.4,11.7,4.4
LITTLESTOWN AREA SD,Algebra I,Historically Underperforming,43,27.9,34.9,23.3,14.000000000000002
LITTLESTOWN AREA SD,Biology,All Students,137,46.0,36.5,12.4,5.1
LITTLESTOWN AREA SD,Biology,Historically Underperforming,42,28.6,35.7,21.4,14.3
LITTLESTOWN AREA SD,Literature,All Students,136,16.2,64.7,14.000000000000002,5.1
LITTLESTOWN AREA SD,Literature,Historically Underperforming,42,9.5,54.79999999999999,21.4,14.3
UPPER ADAMS SD,Algebra I,All Students,131,18.3,43.5,32.8,5.3
UPPER ADAMS SD,Algebra I,Historically Underperforming,57,8.800000000000002,35.1,45.6,10.5
UPPER ADAMS SD,Biology,All Students,130,34.6,36.9,20.8,7.7
UPPER ADAMS SD,Biology,Historically Underperforming,57,17.5,45.6,24.6,12.3
UPPER ADAMS SD,Literature,All Students,131,3.8,71.8,14.499999999999998,9.9
UPPER ADAMS SD,Literature,Historically Underperforming,57,0.0,63.2,19.299999999999997,17.5
A W BEATTIE CAREER CENTER,Algebra I,All Students,12,0.0,8.3,58.3,33.3
A W BEATTIE CAREER CENTER,Algebra I,Historically Underperforming,9,NULL,NULL,NULL,NULL
A W BEATTIE CAREER CENTER,Biology,All Students,11,0.0,9.099999999999998,45.5,45.5
A W BEATTIE CAREER CENTER,Biology,Historically Underperforming,8,NULL,NULL,NULL,NULL
A W BEATTIE CAREER CENTER,Literature,All Students,13,0.0,38.5,46.2,15.399999999999997
A W BEATTIE CAREER CENTER,Literature,Historically Underperforming,10,NULL,NULL,NULL,NULL
ACADEMY CHARTER SCHOOL,Algebra I,All Students,12,0.0,0.0,16.699999999999996,83.29999999999998
ACADEMY CHARTER SCHOOL,Algebra I,Historically Underperforming,11,0.0,0.0,18.199999999999996,81.8
ACADEMY CHARTER SCHOOL,Biology,All Students,12,0.0,0.0,0.0,100.0
ACADEMY CHARTER SCHOOL,Biology,Historically Underperforming,11,0.0,0.0,0.0,100.0
ACADEMY CHARTER SCHOOL,Literature,All Students,12,0.0,0.0,16.699999999999996,83.29999999999998
ACADEMY CHARTER SCHOOL,Literature,Historically Underperforming,11,0.0,0.0,9.099999999999998,90.9
ALLEGHENY VALLEY SD,Algebra I,All Students,58,17.2,53.400000000000006,24.1,5.2
ALLEGHENY VALLEY SD,Algebra I,Historically Underperforming,27,7.400000000000001,59.3,22.2,11.1
ALLEGHENY VALLEY SD,Biology,All Students,56,25.0,48.2,16.1,10.7
ALLEGHENY VALLEY SD,Biology,Historically Underperforming,24,20.800000000000004,41.7,16.699999999999996,20.800000000000004
ALLEGHENY VALLEY SD,Literature,All Students,58,10.3,72.4,13.8,3.4000000000000004
ALLEGHENY VALLEY SD,Literature,Historically Underperforming,26,7.699999999999998,65.4,19.2,7.699999999999998
AVONWORTH SD,Algebra I,All Students,127,30.7,46.5,16.5,6.3
AVONWORTH SD,Algebra I,Historically Underperforming,34,17.6,35.3,29.4,17.6
AVONWORTH SD,Biology,All Students,126,39.7,35.7,16.7,7.9
AVONWORTH SD,Biology,Historically Underperforming,34,14.7,35.3,29.4,20.6
AVONWORTH SD,Literature,All Students,120,18.3,66.7,13.3,1.7000000000000002
AVONWORTH SD,Literature,Historically Underperforming,32,12.5,50.0,31.3,6.3
BALDWIN-WHITEHALL SD,Algebra I,All Students,312,28.800000000000004,46.2,20.5,4.5
BALDWIN-WHITEHALL SD,Algebra I,Historically Underperforming,108,13.0,36.1,39.8,11.1
BALDWIN-WHITEHALL SD,Biology,All Students,308,39.6,37.7,16.6,6.2
BALDWIN-WHITEHALL SD,Biology,Historically Underperforming,105,21.000000000000004,31.4,29.5,18.1
BALDWIN-WHITEHALL SD,Literature,All Students,312,12.2,69.9,14.7,3.2
BALDWIN-WHITEHALL SD,Literature,Historically Underperforming,108,5.6,57.4,27.800000000000004,9.300000000000002
BETHEL PARK SD,Algebra I,All Students,342,27.800000000000004,46.8,19.0,6.4
BETHEL PARK SD,Algebra I,Historically Underperforming,93,15.1,32.3,30.099999999999998,22.6
BETHEL PARK SD,Biology,All Students,342,32.7,46.20000000000001,13.5,7.6
BETHEL PARK SD,Biology,Historically Underperforming,93,14.000000000000002,37.60000000000001,23.700000000000003,24.7
BETHEL PARK SD,Literature,All Students,341,11.7,74.2,10.3,3.8
BETHEL PARK SD,Literature,Historically Underperforming,93,9.7,54.79999999999999,21.500000000000004,14.000000000000002
BRENTWOOD BOROUGH SD,Algebra I,All Students,74,12.200000000000001,58.099999999999994,23.0,6.800000000000001
BRENTWOOD BOROUGH SD,Algebra I,Historically Underperforming,35,5.7,45.7,34.3,14.3
BRENTWOOD BOROUGH SD,Biology,All Students,74,25.7,43.2,20.3,10.8
BRENTWOOD BOROUGH SD,Biology,Historically Underperforming,35,11.4,42.9,25.7,20.0
BRENTWOOD BOROUGH SD,Literature,All Students,74,6.800000000000001,70.3,21.6,1.3999999999999997
BRENTWOOD BOROUGH SD,Literature,Historically Underperforming,35,0.0,60.0,37.1,2.9
CARLYNTON SD,Algebra I,All Students,93,4.3,62.4,28.999999999999996,4.3
CARLYNTON SD,Algebra I,Historically Underperforming,40,2.5,50.0,37.5,10.0
CARLYNTON SD,Biology,All Students,93,24.7,55.89999999999999,17.2,2.2
CARLYNTON SD,Biology,Historically Underperforming,40,10.0,60.0,25.0,5.0
CARLYNTON SD,Literature,All Students,93,9.7,75.3,11.8,3.2
CARLYNTON SD,Literature,Historically Underperforming,40,0.0,75.0,17.5,7.5
CHARTIERS VALLEY SD,Algebra I,All Students,240,11.3,60.0,25.0,3.8
CHARTIERS VALLEY SD,Algebra I,Historically Underperforming,84,4.8,54.79999999999999,29.799999999999997,10.7
CHARTIERS VALLEY SD,Biology,All Students,240,35.8,42.5,14.6,7.1
CHARTIERS VALLEY SD,Biology,Historically Underperforming,85,24.700000000000003,37.6,21.2,16.5
CHARTIERS VALLEY SD,Literature,All Students,234,6.800000000000001,68.8,16.7,7.7
CHARTIERS VALLEY SD,Literature,Historically Underperforming,80,3.8,61.3,22.5,12.5
CITY CHS,Algebra I,All Students,137,8.8,33.6,40.1,17.5
CITY CHS,Algebra I,Historically Underperforming,102,7.8,29.4,41.2,21.6
CITY CHS,Biology,All Students,138,15.9,32.6,28.300000000000004,23.2
CITY CHS,Biology,Historically Underperforming,102,12.7,30.4,31.4,25.5
CITY CHS,Literature,All Students,139,5.0,66.2,23.7,5.0
CITY CHS,Literature,Historically Underperforming,103,1.9,66.0,25.2,6.800000000000001
CLAIRTON CITY SD,Algebra I,All Students,40,5.0,30.0,57.49999999999999,7.5
CLAIRTON CITY SD,Algebra I,Historically Underperforming,33,3.0,27.3,60.6,9.1
CLAIRTON CITY SD,Biology,All Students,40,7.5,32.5,37.5,22.5
CLAIRTON CITY SD,Biology,Historically Underperforming,33,3.0,33.3,36.4,27.3
CLAIRTON CITY SD,Literature,All Students,39,2.6,53.79999999999999,35.9,7.7
CLAIRTON CITY SD,Literature,Historically Underperforming,32,0.0,56.3,34.4,9.4
CORNELL SD,Algebra I,All Students,39,2.6,25.6,53.79999999999999,17.9
CORNELL SD,Algebra I,Historically Underperforming,39,2.6,25.6,53.79999999999999,17.9
CORNELL SD,Biology,All Students,39,12.8,25.6,38.5,23.1
CORNELL SD,Biology,Historically Underperforming,39,12.8,25.6,38.5,23.1
CORNELL SD,Literature,All Students,39,0.0,51.300000000000004,38.5,10.3
CORNELL SD,Literature,Historically Underperforming,39,0.0,51.300000000000004,38.5,10.3
DEER LAKES SD,Algebra I,All Students,127,14.2,48.0,29.9,7.9
DEER LAKES SD,Algebra I,Historically Underperforming,44,9.099999999999998,22.7,50.0,18.199999999999996
DEER LAKES SD,Biology,All Students,132,27.3,42.4,24.2,6.1
DEER LAKES SD,Biology,Historically Underperforming,47,17.0,27.699999999999996,40.4,14.899999999999999
DEER LAKES SD,Literature,All Students,131,16.8,55.00000000000001,19.1,9.2
DEER LAKES SD,Literature,Historically Underperforming,47,8.5,44.7,29.799999999999997,17.0
EAST ALLEGHENY SD,Algebra I,All Students,99,9.1,31.3,28.300000000000004,31.3
EAST ALLEGHENY SD,Algebra I,Historically Underperforming,53,9.4,30.2,24.5,35.8
EAST ALLEGHENY SD,Biology,All Students,102,12.7,35.3,25.5,26.5
EAST ALLEGHENY SD,Biology,Historically Underperforming,56,8.9,35.7,23.2,32.1
EAST ALLEGHENY SD,Literature,All Students,102,2.0,40.2,40.2,17.6
EAST ALLEGHENY SD,Literature,Historically Underperforming,56,1.7999999999999998,35.7,42.9,19.6
ELIZABETH FORWARD SD,Algebra I,All Students,182,6.0,61.0,27.500000000000004,5.5
ELIZABETH FORWARD SD,Algebra I,Historically Underperforming,63,1.6,38.1,46.0,14.3
ELIZABETH FORWARD SD,Biology,All Students,177,20.899999999999995,48.599999999999994,18.1,12.4
ELIZABETH FORWARD SD,Biology,Historically Underperforming,63,6.3,44.4,27.0,22.2
ELIZABETH FORWARD SD,Literature,All Students,166,5.4,71.1,18.1,5.4
ELIZABETH FORWARD SD,Literature,Historically Underperforming,54,1.9,53.7,31.5,13.0
FORBES RD CAREER & TECH CTR,Algebra I,All Students,16,12.5,18.8,18.8,50.0
FORBES RD CAREER & TECH CTR,Algebra I,Historically Underperforming,15,13.3,20.0,13.3,53.29999999999999
FORBES RD CAREER & TECH CTR,Biology,All Students,13,15.399999999999997,7.699999999999998,30.799999999999994,46.2
FORBES RD CAREER & TECH CTR,Biology,Historically Underperforming,12,16.699999999999996,8.3,33.3,41.7
FORBES RD CAREER & TECH CTR,Literature,All Students,15,0.0,33.3,26.700000000000003,40.0
FORBES RD CAREER & TECH CTR,Literature,Historically Underperforming,14,0.0,35.7,28.6,35.7
FOX CHAPEL AREA SD,Algebra I,All Students,317,46.99999999999999,43.8,7.3,1.9
FOX CHAPEL AREA SD,Algebra I,Historically Underperforming,73,24.7,46.6,21.9,6.800000000000001
FOX CHAPEL AREA SD,Biology,All Students,314,59.20000000000001,31.8,6.7,2.2
FOX CHAPEL AREA SD,Biology,Historically Underperforming,71,28.199999999999996,47.9,15.5,8.5
FOX CHAPEL AREA SD,Literature,All Students,317,24.600000000000005,68.8,5.699999999999999,0.9000000000000001
FOX CHAPEL AREA SD,Literature,Historically Underperforming,73,5.499999999999999,69.9,20.5,4.1
GATEWAY SD,Algebra I,All Students,239,16.3,53.6,24.7,5.400000000000001
GATEWAY SD,Algebra I,Historically Underperforming,105,7.6,40.0,40.0,12.4
GATEWAY SD,Biology,All Students,240,28.300000000000004,44.6,17.9,9.2
GATEWAY SD,Biology,Historically Underperforming,106,14.2,36.800000000000004,32.1,17.0
GATEWAY SD,Literature,All Students,238,8.4,73.5,12.2,5.9
GATEWAY SD,Literature,Historically Underperforming,105,4.8,61.0,21.9,12.4
HAMPTON TOWNSHIP SD,Algebra I,All Students,246,52.400000000000006,39.8,6.5,1.2
HAMPTON TOWNSHIP SD,Algebra I,Historically Underperforming,41,22.0,43.89999999999999,29.299999999999997,4.8999999999999995
HAMPTON TOWNSHIP SD,Biology,All Students,247,62.8,27.9,8.5,0.8
HAMPTON TOWNSHIP SD,Biology,Historically Underperforming,41,36.6,31.7,26.8,4.8999999999999995
HAMPTON TOWNSHIP SD,Literature,All Students,247,34.4,60.699999999999996,3.6000000000000005,1.2
HAMPTON TOWNSHIP SD,Literature,Historically Underperforming,41,17.1,63.4,14.6,4.8999999999999995
HIGHLANDS SD,Algebra I,All Students,163,3.7000000000000006,46.0,39.3,11.0
HIGHLANDS SD,Algebra I,Historically Underperforming,110,2.7,40.9,40.0,16.4
HIGHLANDS SD,Biology,All Students,159,3.8,35.8,39.0,21.4
HIGHLANDS SD,Biology,Historically Underperforming,106,2.8,30.2,40.6,26.400000000000002
HIGHLANDS SD,Literature,All Students,163,0.0,55.2,35.0,9.8
HIGHLANDS SD,Literature,Historically Underperforming,110,0.0,48.2,38.2,13.600000000000001
HILL HOUSE PASSPORT ACADEMY CS,Algebra I,All Students,31,0.0,3.2,38.7,58.099999999999994
HILL HOUSE PASSPORT ACADEMY CS,Algebra I,Historically Underperforming,20,0.0,5.0,35.0,60.0
HILL HOUSE PASSPORT ACADEMY CS,Biology,All Students,28,0.0,3.5999999999999996,14.3,82.1
HILL HOUSE PASSPORT ACADEMY CS,Biology,Historically Underperforming,16,0.0,6.3,18.8,75.0
HILL HOUSE PASSPORT ACADEMY CS,Literature,All Students,30,0.0,10.0,36.7,53.29999999999999
HILL HOUSE PASSPORT ACADEMY CS,Literature,Historically Underperforming,19,0.0,5.299999999999999,42.1,52.6
KEYSTONE OAKS SD,Algebra I,All Students,149,16.1,62.4,16.8,4.7
KEYSTONE OAKS SD,Algebra I,Historically Underperforming,57,1.8000000000000003,50.9,36.8,10.5
KEYSTONE OAKS SD,Biology,All Students,150,18.0,45.29999999999999,22.7,14.000000000000002
KEYSTONE OAKS SD,Biology,Historically Underperforming,58,8.6,31.0,29.299999999999997,31.0
KEYSTONE OAKS SD,Literature,All Students,147,6.800000000000001,68.0,17.0,8.2
KEYSTONE OAKS SD,Literature,Historically Underperforming,56,1.7999999999999998,44.6,35.7,17.9
MCKEESPORT AREA SD,Algebra I,All Students,182,6.6000000000000005,27.500000000000004,35.7,30.2
MCKEESPORT AREA SD,Algebra I,Historically Underperforming,107,2.8,18.7,40.2,38.3
MCKEESPORT AREA SD,Biology,All Students,182,11.5,21.4,26.899999999999995,40.1
MCKEESPORT AREA SD,Biology,Historically Underperforming,106,5.699999999999999,15.1,27.399999999999995,51.9
MCKEESPORT AREA SD,Literature,All Students,192,5.200000000000001,45.300000000000004,31.8,17.699999999999996
MCKEESPORT AREA SD,Literature,Historically Underperforming,114,0.9000000000000001,32.5,39.5,27.200000000000003
MCKEESPORT AREA TECH CTR,Algebra I,All Students,7,NULL,NULL,NULL,NULL
MCKEESPORT AREA TECH CTR,Algebra I,Historically Underperforming,6,NULL,NULL,NULL,NULL
MCKEESPORT AREA TECH CTR,Biology,All Students,8,NULL,NULL,NULL,NULL
MCKEESPORT AREA TECH CTR,Biology,Historically Underperforming,7,NULL,NULL,NULL,NULL
MCKEESPORT AREA TECH CTR,Literature,All Students,5,NULL,NULL,NULL,NULL
MCKEESPORT AREA TECH CTR,Literature,Historically Underperforming,5,NULL,NULL,NULL,NULL
MONTOUR SD,Algebra I,All Students,213,38.0,43.2,16.0,2.8
MONTOUR SD,Algebra I,Historically Underperforming,64,28.1,34.4,31.3,6.3
MONTOUR SD,Biology,All Students,212,42.9,38.7,11.8,6.6000000000000005
MONTOUR SD,Biology,Historically Underperforming,63,23.8,41.3,22.2,12.7
MONTOUR SD,Literature,All Students,211,17.1,67.8,13.3,1.9000000000000004
MONTOUR SD,Literature,Historically Underperforming,63,7.9,61.9,23.8,6.3
MOON AREA SD,Algebra I,All Students,293,19.5,63.800000000000004,13.699999999999998,3.1
MOON AREA SD,Algebra I,Historically Underperforming,73,5.499999999999999,46.6,37.0,10.999999999999998
MOON AREA SD,Biology,All Students,292,39.7,42.5,11.600000000000001,6.2
MOON AREA SD,Biology,Historically Underperforming,73,13.699999999999998,37.0,26.0,23.3
MOON AREA SD,Literature,All Students,292,11.600000000000001,74.3,11.3,2.7
MOON AREA SD,Literature,Historically Underperforming,72,4.2,51.4,33.3,11.1
MT LEBANON SD,Algebra I,All Students,443,32.5,59.59999999999999,6.5,1.4
MT LEBANON SD,Algebra I,Historically Underperforming,98,16.3,56.10000000000001,22.4,5.099999999999999
MT LEBANON SD,Biology,All Students,441,50.1,41.3,6.800000000000001,1.8000000000000003
MT LEBANON SD,Biology,Historically Underperforming,98,38.8,38.8,14.3,8.2
MT LEBANON SD,Literature,All Students,441,21.100000000000005,73.9,3.900000000000001,1.1000000000000003
MT LEBANON SD,Literature,Historically Underperforming,98,10.199999999999998,71.4,13.3,5.099999999999999
NORTH ALLEGHENY SD,Algebra I,All Students,675,43.7,47.1,7.400000000000001,1.8000000000000003
NORTH ALLEGHENY SD,Algebra I,Historically Underperforming,94,19.1,41.5,26.6,12.8
NORTH ALLEGHENY SD,Biology,All Students,670,53.0,34.3,10.0,2.7000000000000006
NORTH ALLEGHENY SD,Biology,Historically Underperforming,95,24.2,34.7,27.399999999999995,13.699999999999998
NORTH ALLEGHENY SD,Literature,All Students,670,31.8,62.1,4.8999999999999995,1.2000000000000002
NORTH ALLEGHENY SD,Literature,Historically Underperforming,93,11.8,55.89999999999999,23.700000000000003,8.6
NORTH HILLS SD,Algebra I,All Students,316,50.6,31.3,14.899999999999999,3.2
NORTH HILLS SD,Algebra I,Historically Underperforming,83,33.7,27.699999999999996,26.5,12.0
NORTH HILLS SD,Biology,All Students,321,42.39999999999999,37.4,15.0,5.299999999999999
NORTH HILLS SD,Biology,Historically Underperforming,87,19.5,35.6,28.7,16.1
NORTH HILLS SD,Literature,All Students,318,14.800000000000002,66.4,15.1,3.8
NORTH HILLS SD,Literature,Historically Underperforming,85,1.2,57.60000000000001,30.599999999999998,10.6
NORTHGATE SD,Algebra I,All Students,71,5.6,50.7,36.6,7.000000000000001
NORTHGATE SD,Algebra I,Historically Underperforming,39,2.6,46.2,41.0,10.3
NORTHGATE SD,Biology,All Students,74,16.2,36.5,32.4,14.899999999999999
NORTHGATE SD,Biology,Historically Underperforming,42,4.8,35.7,35.7,23.8
NORTHGATE SD,Literature,All Students,74,12.200000000000001,60.8,24.3,2.7
NORTHGATE SD,Literature,Historically Underperforming,41,4.8999999999999995,53.7,36.6,4.8999999999999995
PA DISTANCE LEARNING CS,Algebra I,All Students,48,4.2,25.0,43.8,27.1
PA DISTANCE LEARNING CS,Algebra I,Historically Underperforming,16,6.3,18.8,43.8,31.3
PA DISTANCE LEARNING CS,Biology,All Students,47,0.0,36.2,25.5,38.3
PA DISTANCE LEARNING CS,Biology,Historically Underperforming,15,0.0,33.3,20.0,46.7
PA DISTANCE LEARNING CS,Literature,All Students,46,0.0,56.49999999999999,28.300000000000004,15.2
PA DISTANCE LEARNING CS,Literature,Historically Underperforming,15,0.0,53.29999999999999,40.0,6.7
PARKWAY WEST AVTS,Algebra I,All Students,2,NULL,NULL,NULL,NULL
PARKWAY WEST AVTS,Algebra I,Historically Underperforming,1,NULL,NULL,NULL,NULL
PARKWAY WEST AVTS,Biology,All Students,2,NULL,NULL,NULL,NULL
PARKWAY WEST AVTS,Biology,Historically Underperforming,1,NULL,NULL,NULL,NULL
PARKWAY WEST AVTS,Literature,All Students,2,NULL,NULL,NULL,NULL
PARKWAY WEST AVTS,Literature,Historically Underperforming,1,NULL,NULL,NULL,NULL
PENN HILLS SD,Algebra I,All Students,273,4.0,24.500000000000004,43.2,28.199999999999996
PENN HILLS SD,Algebra I,Historically Underperforming,164,1.8000000000000003,19.5,43.3,35.4
PENN HILLS SD,Biology,All Students,279,14.000000000000002,21.9,26.5,37.6
PENN HILLS SD,Biology,Historically Underperforming,163,6.7,19.6,26.400000000000002,47.2
PENN HILLS SD,Literature,All Students,277,2.2,47.70000000000001,33.6,16.6
PENN HILLS SD,Literature,Historically Underperforming,162,0.0,42.6,35.8,21.6
PINE-RICHLAND SD,Algebra I,All Students,400,40.5,47.0,11.0,1.5
PINE-RICHLAND SD,Algebra I,Historically Underperforming,67,16.4,38.8,38.8,5.999999999999999
PINE-RICHLAND SD,Biology,All Students,399,47.6,37.8,11.8,2.8
PINE-RICHLAND SD,Biology,Historically Underperforming,66,21.2,31.8,34.8,12.1
PINE-RICHLAND SD,Literature,All Students,402,10.0,82.8,6.7,0.5000000000000001
PINE-RICHLAND SD,Literature,Historically Underperforming,68,2.9,64.7,29.4,2.9
PITTSBURGH SD,Algebra I,All Students,1309,12.980061115355234,38.81459129106189,35.66951871657754,11.923376623376623
PITTSBURGH SD,Algebra I,Historically Underperforming,798,5.506892230576441,31.32857142857143,44.2294486215539,17.90288220551378
PITTSBURGH SD,Biology,All Students,1300,15.831769230769229,28.077615384615385,27.847615384615388,28.232846153846154
PITTSBURGH SD,Biology,Historically Underperforming,792,5.297727272727273,23.244065656565652,31.935353535353535,39.528787878787874
PITTSBURGH SD,Literature,All Students,1311,5.79023646071701,58.518840579710144,23.48840579710145,11.603203661327232
PITTSBURGH SD,Literature,Historically Underperforming,802,2.245137157107232,49.13142144638403,30.541022443890277,17.08890274314214
PLUM BOROUGH SD,Algebra I,All Students,283,17.0,60.4,20.5,2.1
PLUM BOROUGH SD,Algebra I,Historically Underperforming,88,14.800000000000002,53.400000000000006,26.1,5.7
PLUM BOROUGH SD,Biology,All Students,282,30.5,44.7,20.9,3.9
PLUM BOROUGH SD,Biology,Historically Underperforming,88,26.1,40.9,28.4,4.5
PLUM BOROUGH SD,Literature,All Students,284,7.400000000000001,75.7,13.699999999999998,3.2
PLUM BOROUGH SD,Literature,Historically Underperforming,89,7.9,65.2,20.2,6.7
PROPEL CS - BRADDOCK HILLS,Algebra I,All Students,52,5.800000000000001,42.3,40.4,11.5
PROPEL CS - BRADDOCK HILLS,Algebra I,Historically Underperforming,36,2.8000000000000003,30.599999999999998,52.800000000000004,13.900000000000002
PROPEL CS - BRADDOCK HILLS,Biology,All Students,49,14.3,26.5,32.7,26.5
PROPEL CS - BRADDOCK HILLS,Biology,Historically Underperforming,34,5.9,20.6,38.2,35.3
PROPEL CS - BRADDOCK HILLS,Literature,All Students,53,1.9,71.7,18.9,7.5
PROPEL CS - BRADDOCK HILLS,Literature,Historically Underperforming,37,2.7,59.5,27.0,10.8
PROPEL CS - HOMESTEAD,Algebra I,All Students,35,0.0,28.6,42.9,28.6
PROPEL CS - HOMESTEAD,Algebra I,Historically Underperforming,25,0.0,24.0,40.0,36.0
PROPEL CS - HOMESTEAD,Biology,All Students,35,0.0,25.7,34.3,40.0
PROPEL CS - HOMESTEAD,Biology,Historically Underperforming,25,0.0,28.000000000000004,28.000000000000004,44.0
PROPEL CS - HOMESTEAD,Literature,All Students,35,0.0,51.4,25.7,22.899999999999995
PROPEL CS - HOMESTEAD,Literature,Historically Underperforming,25,0.0,44.0,24.0,32.0
QUAKER VALLEY SD,Algebra I,All Students,168,41.70000000000001,43.5,11.9,3.0
QUAKER VALLEY SD,Algebra I,Historically Underperforming,35,22.899999999999995,42.9,20.0,14.3
QUAKER VALLEY SD,Biology,All Students,170,51.2,30.0,13.5,5.3
QUAKER VALLEY SD,Biology,Historically Underperforming,35,22.899999999999995,34.3,22.899999999999995,20.0
QUAKER VALLEY SD,Literature,All Students,171,21.600000000000005,64.9,8.8,4.700000000000001
QUAKER VALLEY SD,Literature,Historically Underperforming,36,2.8000000000000003,63.9,13.900000000000002,19.4
RIVERVIEW SD,Algebra I,All Students,64,26.6,45.3,25.0,3.1
RIVERVIEW SD,Algebra I,Historically Underperforming,17,11.8,41.2,35.3,11.8
RIVERVIEW SD,Biology,All Students,64,35.9,40.6,15.6,7.8
RIVERVIEW SD,Biology,Historically Underperforming,18,22.2,33.3,22.2,22.2
RIVERVIEW SD,Literature,All Students,64,20.3,56.3,21.9,1.6
RIVERVIEW SD,Literature,Historically Underperforming,18,16.7,27.800000000000004,50.0,5.6000000000000005
SHALER AREA SD,Algebra I,All Students,299,13.4,57.2,21.7,7.7
SHALER AREA SD,Algebra I,Historically Underperforming,113,9.7,42.5,29.2,18.6
SHALER AREA SD,Biology,All Students,303,31.7,43.2,17.5,7.6
SHALER AREA SD,Biology,Historically Underperforming,118,19.5,38.1,24.6,17.8
SHALER AREA SD,Literature,All Students,301,10.3,68.8,13.600000000000001,7.3
SHALER AREA SD,Literature,Historically Underperforming,115,4.3,58.3,18.3,19.1
SOUTH ALLEGHENY SD,Algebra I,All Students,109,2.8,55.00000000000001,35.8,6.4
SOUTH ALLEGHENY SD,Algebra I,Historically Underperforming,44,2.3,29.5,52.300000000000004,15.9
SOUTH ALLEGHENY SD,Biology,All Students,109,17.4,43.1,31.2,8.3
SOUTH ALLEGHENY SD,Biology,Historically Underperforming,44,9.099999999999998,22.7,50.0,18.199999999999996
SOUTH ALLEGHENY SD,Literature,All Students,109,3.7000000000000006,67.9,22.0,6.4
SOUTH ALLEGHENY SD,Literature,Historically Underperforming,44,0.0,43.2,40.9,15.9
SOUTH FAYETTE TOWNSHIP SD,Algebra I,All Students,206,40.300000000000004,49.5,9.2,1.0
SOUTH FAYETTE TOWNSHIP SD,Algebra I,Historically Underperforming,38,13.200000000000001,50.0,31.6,5.299999999999999
SOUTH FAYETTE TOWNSHIP SD,Biology,All Students,207,43.5,37.7,17.400000000000002,1.4
SOUTH FAYETTE TOWNSHIP SD,Biology,Historically Underperforming,38,7.9,47.400000000000006,36.8,7.9
SOUTH FAYETTE TOWNSHIP SD,Literature,All Students,207,17.9,75.8,5.3,0.9999999999999999
SOUTH FAYETTE TOWNSHIP SD,Literature,Historically Underperforming,38,2.6,73.7,18.4,5.299999999999999
SOUTH PARK SD,Algebra I,All Students,138,33.3,48.6,14.499999999999998,3.6000000000000005
SOUTH PARK SD,Algebra I,Historically Underperforming,39,15.4,38.5,33.3,12.8
SOUTH PARK SD,Biology,All Students,135,30.4,49.599999999999994,13.3,6.7
SOUTH PARK SD,Biology,Historically Underperforming,36,19.4,33.3,27.800000000000004,19.4
SOUTH PARK SD,Literature,All Students,138,10.1,71.7,13.0,5.1
SOUTH PARK SD,Literature,Historically Underperforming,39,2.6,53.79999999999999,28.199999999999996,15.4
SPECTRUM CS,Algebra I,All Students,1,NULL,NULL,NULL,NULL
SPECTRUM CS,Algebra I,Historically Underperforming,1,NULL,NULL,NULL,NULL
SPECTRUM CS,Biology,All Students,1,NULL,NULL,NULL,NULL
SPECTRUM CS,Biology,Historically Underperforming,1,NULL,NULL,NULL,NULL
SPECTRUM CS,Literature,All Students,1,NULL,NULL,NULL,NULL
SPECTRUM CS,Literature,Historically Underperforming,1,NULL,NULL,NULL,NULL
STEEL CENTER AVTS,Algebra I,All Students,4,NULL,NULL,NULL,NULL
STEEL CENTER AVTS,Algebra I,Historically Underperforming,3,NULL,NULL,NULL,NULL
STEEL CENTER AVTS,Biology,All Students,5,NULL,NULL,NULL,NULL
STEEL CENTER AVTS,Biology,Historically Underperforming,4,NULL,NULL,NULL,NULL
STEEL CENTER AVTS,Literature,All Students,5,NULL,NULL,NULL,NULL
STEEL CENTER AVTS,Literature,Historically Underperforming,4,NULL,NULL,NULL,NULL
STEEL VALLEY SD,Algebra I,All Students,102,15.7,34.3,38.2,11.8
STEEL VALLEY SD,Algebra I,Historically Underperforming,71,9.9,31.0,43.7,15.5
STEEL VALLEY SD,Biology,All Students,100,6.0,28.999999999999996,38.0,27.0
STEEL VALLEY SD,Biology,Historically Underperforming,69,1.4,23.2,40.6,34.8
STEEL VALLEY SD,Literature,All Students,100,4.0,55.00000000000001,23.0,18.0
STEEL VALLEY SD,Literature,Historically Underperforming,69,2.9,44.9,27.500000000000004,24.6
STO-ROX SD,Algebra I,All Students,55,0.0,25.5,56.39999999999999,18.2
STO-ROX SD,Algebra I,Historically Underperforming,47,0.0,21.3,57.4,21.3
STO-ROX SD,Biology,All Students,55,1.8000000000000003,20.0,29.100000000000005,49.1
STO-ROX SD,Biology,Historically Underperforming,47,2.1,19.1,27.699999999999996,51.1
STO-ROX SD,Literature,All Students,55,1.8000000000000003,41.8,36.4,20.0
STO-ROX SD,Literature,Historically Underperforming,47,2.1,40.4,36.2,21.3
UPPER SAINT CLAIR SD,Algebra I,All Students,340,52.1,37.900000000000006,8.8,1.2
UPPER SAINT CLAIR SD,Algebra I,Historically Underperforming,69,30.4,33.3,30.4,5.8
UPPER SAINT CLAIR SD,Biology,All Students,340,64.4,28.499999999999996,5.6,1.5
UPPER SAINT CLAIR SD,Biology,Historically Underperforming,69,36.2,37.7,18.8,7.200000000000001
UPPER SAINT CLAIR SD,Literature,All Students,340,21.5,72.9,5.0,0.6
UPPER SAINT CLAIR SD,Literature,Historically Underperforming,69,14.499999999999998,62.3,20.3,2.9
URBAN PATHWAYS 6-12 CHARTER SCHO,Algebra I,All Students,39,5.1,15.4,48.7,30.8
URBAN PATHWAYS 6-12 CHARTER SCHO,Algebra I,Historically Underperforming,26,7.699999999999998,15.399999999999997,38.5,38.5
URBAN PATHWAYS 6-12 CHARTER SCHO,Biology,All Students,38,0.0,18.4,26.3,55.3
URBAN PATHWAYS 6-12 CHARTER SCHO,Biology,Historically Underperforming,25,0.0,24.0,20.0,56.00000000000001
URBAN PATHWAYS 6-12 CHARTER SCHO,Literature,All Students,40,0.0,32.5,35.0,32.5
URBAN PATHWAYS 6-12 CHARTER SCHO,Literature,Historically Underperforming,27,0.0,33.3,37.0,29.600000000000005
WEST ALLEGHENY SD,Algebra I,All Students,260,16.9,55.8,21.2,6.200000000000001
WEST ALLEGHENY SD,Algebra I,Historically Underperforming,70,8.6,32.9,37.1,21.4
WEST ALLEGHENY SD,Biology,All Students,262,27.500000000000004,50.0,14.099999999999998,8.4
WEST ALLEGHENY SD,Biology,Historically Underperforming,72,12.5,40.3,23.6,23.6
WEST ALLEGHENY SD,Literature,All Students,258,9.7,72.1,12.4,5.8
WEST ALLEGHENY SD,Literature,Historically Underperforming,70,4.3,54.29999999999999,25.7,15.7
WEST JEFFERSON HILLS SD,Algebra I,All Students,216,28.7,50.5,18.1,2.8
WEST JEFFERSON HILLS SD,Algebra I,Historically Underperforming,50,10.0,46.0,32.0,12.0
WEST JEFFERSON HILLS SD,Biology,All Students,217,34.1,48.4,13.4,4.1
WEST JEFFERSON HILLS SD,Biology,Historically Underperforming,50,20.0,38.0,26.0,16.0
WEST JEFFERSON HILLS SD,Literature,All Students,217,16.599999999999998,76.5,5.1000000000000005,1.8000000000000003
WEST JEFFERSON HILLS SD,Literature,Historically Underperforming,49,8.2,73.5,10.199999999999998,8.2
WEST MIFFLIN AREA SD,Algebra I,All Students,231,3.5000000000000004,42.4,33.3,20.8
WEST MIFFLIN AREA SD,Algebra I,Historically Underperforming,124,3.2,33.9,31.5,31.5
WEST MIFFLIN AREA SD,Biology,All Students,229,15.299999999999999,33.6,25.8,25.3
WEST MIFFLIN AREA SD,Biology,Historically Underperforming,124,11.3,25.0,25.0,38.7
WEST MIFFLIN AREA SD,Literature,All Students,229,3.5000000000000004,64.2,21.0,11.4
WEST MIFFLIN AREA SD,Literature,Historically Underperforming,122,0.8,54.1,27.0,18.0
WESTINGHOUSE ARTS ACADEMY CS,Algebra I,All Students,23,13.0,47.8,30.4,8.7
WESTINGHOUSE ARTS ACADEMY CS,Algebra I,Historically Underperforming,16,0.0,50.0,43.8,6.3
WESTINGHOUSE ARTS ACADEMY CS,Biology,All Students,24,16.699999999999996,37.5,25.0,20.800000000000004
WESTINGHOUSE ARTS ACADEMY CS,Biology,Historically Underperforming,17,5.9,47.099999999999994,35.3,11.8
WESTINGHOUSE ARTS ACADEMY CS,Literature,All Students,19,21.1,52.6,21.1,5.299999999999999
WESTINGHOUSE ARTS ACADEMY CS,Literature,Historically Underperforming,12,8.3,66.70000000000002,25.0,0.0
WOODLAND HILLS SD,Algebra I,All Students,224,6.7,33.5,26.8,33.0
WOODLAND HILLS SD,Algebra I,Historically Underperforming,123,2.4,17.9,29.299999999999994,50.4
WOODLAND HILLS SD,Biology,All Students,189,12.7,25.4,27.0,34.9
WOODLAND HILLS SD,Biology,Historically Underperforming,100,5.0,18.0,28.000000000000004,49.0
WOODLAND HILLS SD,Literature,All Students,186,4.8,41.9,28.499999999999996,24.7
WOODLAND HILLS SD,Literature,Historically Underperforming,99,2.0,25.3,36.4,36.4
APOLLO-RIDGE SD,Algebra I,All Students,79,3.8,64.6,26.6,5.1
APOLLO-RIDGE SD,Algebra I,Historically Underperforming,32,0.0,62.5,25.0,12.5
APOLLO-RIDGE SD,Biology,All Students,79,26.6,44.29999999999999,21.5,7.6
APOLLO-RIDGE SD,Biology,Historically Underperforming,32,18.8,46.9,21.9,12.5
APOLLO-RIDGE SD,Literature,All Students,79,8.9,69.6,16.5,5.1
APOLLO-RIDGE SD,Literature,Historically Underperforming,32,0.0,68.8,21.9,9.4
ARMSTRONG SD,Algebra I,All Students,281,9.256583629893237,63.66654804270462,24.598220640569398,2.5049822064056935
ARMSTRONG SD,Algebra I,Historically Underperforming,133,6.789473684210526,53.37368421052631,34.60000000000001,5.257894736842106
ARMSTRONG SD,Biology,All Students,283,43.459717314487634,38.90459363957597,14.120141342756188,3.5416961130742046
ARMSTRONG SD,Biology,Historically Underperforming,133,29.336842105263162,38.30526315789474,24.810526315789478,7.5473684210526315
ARMSTRONG SD,Literature,All Students,285,4.5463157894736845,75.40596491228072,14.016140350877194,5.957543859649123
ARMSTRONG SD,Literature,Historically Underperforming,135,2.2525925925925927,62.23925925925927,23.73185185185185,11.855555555555558
FREEPORT AREA SD,Algebra I,All Students,150,37.3,46.0,12.7,4.0
FREEPORT AREA SD,Algebra I,Historically Underperforming,34,17.6,44.1,20.6,17.6
FREEPORT AREA SD,Biology,All Students,151,41.1,38.4,17.2,3.3000000000000003
FREEPORT AREA SD,Biology,Historically Underperforming,34,20.6,29.4,38.2,11.8
FREEPORT AREA SD,Literature,All Students,151,13.900000000000002,70.2,11.299999999999999,4.6
FREEPORT AREA SD,Literature,Historically Underperforming,34,11.8,52.900000000000006,17.6,17.6
LEECHBURG AREA SD,Algebra I,All Students,49,12.2,59.20000000000001,22.4,6.1
LEECHBURG AREA SD,Algebra I,Historically Underperforming,18,5.6000000000000005,50.0,33.3,11.1
LEECHBURG AREA SD,Biology,All Students,49,22.4,51.0,20.399999999999995,6.1
LEECHBURG AREA SD,Biology,Historically Underperforming,18,11.1,44.4,38.9,5.6000000000000005
LEECHBURG AREA SD,Literature,All Students,52,0.0,80.8,15.399999999999997,3.8
LEECHBURG AREA SD,Literature,Historically Underperforming,20,0.0,55.00000000000001,35.0,10.0
LENAPE AVTS,Algebra I,All Students,138,2.9,43.5,39.1,14.499999999999998
LENAPE AVTS,Algebra I,Historically Underperforming,94,2.1,28.7,47.9,21.3
LENAPE AVTS,Biology,All Students,138,10.1,44.9,31.900000000000002,13.0
LENAPE AVTS,Biology,Historically Underperforming,94,5.300000000000001,36.2,39.4,19.1
LENAPE AVTS,Literature,All Students,138,1.4,47.8,35.5,15.2
LENAPE AVTS,Literature,Historically Underperforming,94,0.0,39.4,38.3,22.3
ALIQUIPPA SD,Algebra I,All Students,72,2.8000000000000003,31.900000000000002,47.2,18.1
ALIQUIPPA SD,Algebra I,Historically Underperforming,72,2.8000000000000003,31.900000000000002,47.2,18.1
ALIQUIPPA SD,Biology,All Students,71,0.0,8.5,47.9,43.7
ALIQUIPPA SD,Biology,Historically Underperforming,71,0.0,8.5,47.9,43.7
ALIQUIPPA SD,Literature,All Students,71,0.0,40.8,45.1,14.099999999999998
ALIQUIPPA SD,Literature,Historically Underperforming,71,0.0,40.8,45.1,14.099999999999998
AMBRIDGE AREA SD,Algebra I,All Students,172,13.4,43.6,33.7,9.3
AMBRIDGE AREA SD,Algebra I,Historically Underperforming,73,5.499999999999999,32.9,43.8,17.8
AMBRIDGE AREA SD,Biology,All Students,175,28.6,29.7,26.899999999999995,14.899999999999999
AMBRIDGE AREA SD,Biology,Historically Underperforming,76,9.2,27.6,36.8,26.3
AMBRIDGE AREA SD,Literature,All Students,171,7.6,67.8,19.9,4.700000000000001
AMBRIDGE AREA SD,Literature,Historically Underperforming,73,1.3999999999999997,53.400000000000006,35.6,9.6
BEAVER AREA SD,Algebra I,All Students,171,24.0,56.10000000000001,14.000000000000002,5.8
BEAVER AREA SD,Algebra I,Historically Underperforming,36,5.6000000000000005,30.599999999999998,36.1,27.800000000000004
BEAVER AREA SD,Biology,All Students,169,46.7,33.1,12.4,7.7
BEAVER AREA SD,Biology,Historically Underperforming,35,11.4,28.6,28.6,31.4
BEAVER AREA SD,Literature,All Students,167,15.0,64.7,18.0,2.4
BEAVER AREA SD,Literature,Historically Underperforming,31,0.0,38.7,51.6,9.7
BEAVER COUNTY AVTS,Algebra I,All Students,10,NULL,NULL,NULL,NULL
BEAVER COUNTY AVTS,Algebra I,Historically Underperforming,10,NULL,NULL,NULL,NULL
BEAVER COUNTY AVTS,Biology,All Students,10,NULL,NULL,NULL,NULL
BEAVER COUNTY AVTS,Biology,Historically Underperforming,10,NULL,NULL,NULL,NULL
BEAVER COUNTY AVTS,Literature,All Students,10,NULL,NULL,NULL,NULL
BEAVER COUNTY AVTS,Literature,Historically Underperforming,10,NULL,NULL,NULL,NULL
BIG BEAVER FALLS AREA SD,Algebra I,All Students,110,6.4,46.4,38.2,9.1
BIG BEAVER FALLS AREA SD,Algebra I,Historically Underperforming,73,5.499999999999999,42.5,41.1,10.999999999999998
BIG BEAVER FALLS AREA SD,Biology,All Students,107,11.2,43.0,33.60000000000001,12.1
BIG BEAVER FALLS AREA SD,Biology,Historically Underperforming,70,8.6,41.4,34.3,15.7
BIG BEAVER FALLS AREA SD,Literature,All Students,104,11.5,60.6,23.1,4.8
BIG BEAVER FALLS AREA SD,Literature,Historically Underperforming,66,9.1,63.6,21.2,6.1
BLACKHAWK SD,Algebra I,All Students,151,31.1,49.0,17.9,2.0
BLACKHAWK SD,Algebra I,Historically Underperforming,43,11.6,48.79999999999999,32.6,7.000000000000001
BLACKHAWK SD,Biology,All Students,153,43.1,42.49999999999999,10.499999999999998,3.9
BLACKHAWK SD,Biology,Historically Underperforming,45,20.0,46.7,22.2,11.1
BLACKHAWK SD,Literature,All Students,151,6.6000000000000005,78.8,13.200000000000001,1.3
BLACKHAWK SD,Literature,Historically Underperforming,43,2.3,60.5,32.6,4.7
CENTRAL VALLEY SD,Algebra I,All Students,157,31.2,43.3,21.0,4.5
CENTRAL VALLEY SD,Algebra I,Historically Underperforming,49,6.1,32.7,46.9,14.3
CENTRAL VALLEY SD,Biology,All Students,156,28.199999999999996,44.9,19.9,7.1
CENTRAL VALLEY SD,Biology,Historically Underperforming,49,12.2,30.599999999999998,38.8,18.4
CENTRAL VALLEY SD,Literature,All Students,157,8.3,73.2,13.4,5.1
CENTRAL VALLEY SD,Literature,Historically Underperforming,49,2.0,55.1,32.7,10.199999999999998
FREEDOM AREA SD,Algebra I,All Students,97,11.3,48.50000000000001,34.0,6.2
FREEDOM AREA SD,Algebra I,Historically Underperforming,40,5.0,45.0,35.0,15.0
FREEDOM AREA SD,Biology,All Students,96,5.200000000000001,40.599999999999994,35.39999999999999,18.800000000000004
FREEDOM AREA SD,Biology,Historically Underperforming,39,5.1,38.5,30.8,25.6
FREEDOM AREA SD,Literature,All Students,97,3.1,60.8,28.9,7.200000000000001
FREEDOM AREA SD,Literature,Historically Underperforming,40,2.5,50.0,37.5,10.0
HOPEWELL AREA SD,Algebra I,All Students,152,14.499999999999998,56.60000000000001,25.7,3.3000000000000003
HOPEWELL AREA SD,Algebra I,Historically Underperforming,51,5.9,47.1,37.3,9.8
HOPEWELL AREA SD,Biology,All Students,152,17.8,55.89999999999999,18.4,7.9
HOPEWELL AREA SD,Biology,Historically Underperforming,51,5.9,47.1,27.500000000000004,19.6
HOPEWELL AREA SD,Literature,All Students,150,6.0,73.3,17.3,3.3000000000000003
HOPEWELL AREA SD,Literature,Historically Underperforming,51,0.0,54.89999999999999,35.3,9.8
LINCOLN PARK PERFORMING ARTS CS,Algebra I,All Students,149,19.5,50.3,28.9,1.3
LINCOLN PARK PERFORMING ARTS CS,Algebra I,Historically Underperforming,47,14.899999999999999,40.4,40.4,4.3
LINCOLN PARK PERFORMING ARTS CS,Biology,All Students,150,24.699999999999996,47.300000000000004,23.3,4.7
LINCOLN PARK PERFORMING ARTS CS,Biology,Historically Underperforming,47,19.1,40.4,29.799999999999997,10.600000000000001
LINCOLN PARK PERFORMING ARTS CS,Literature,All Students,150,11.299999999999999,78.7,10.0,0.0
LINCOLN PARK PERFORMING ARTS CS,Literature,Historically Underperforming,47,6.4,76.6,17.0,0.0
NEW BRIGHTON AREA SD,Algebra I,All Students,98,2.0,58.20000000000001,34.699999999999996,5.099999999999999
NEW BRIGHTON AREA SD,Algebra I,Historically Underperforming,54,3.7000000000000006,50.0,37.0,9.300000000000002
NEW BRIGHTON AREA SD,Biology,All Students,98,22.4,42.9,27.6,7.1
NEW BRIGHTON AREA SD,Biology,Historically Underperforming,54,22.2,31.5,33.3,13.0
NEW BRIGHTON AREA SD,Literature,All Students,98,4.1,62.2,24.499999999999996,9.2
NEW BRIGHTON AREA SD,Literature,Historically Underperforming,54,1.9,57.4,24.1,16.7
PA CYBER CS,Algebra I,All Students,979,8.7,36.0,38.8,16.5
PA CYBER CS,Algebra I,Historically Underperforming,362,4.4,24.0,43.1,28.499999999999996
PA CYBER CS,Biology,All Students,957,9.9,35.7,32.0,22.4
PA CYBER CS,Biology,Historically Underperforming,355,4.5,27.0,34.9,33.5
PA CYBER CS,Literature,All Students,957,3.0,59.599999999999994,28.999999999999996,8.4
PA CYBER CS,Literature,Historically Underperforming,351,0.0,48.4,37.3,14.2
RIVERSIDE BEAVER COUNTY SD,Algebra I,All Students,117,29.100000000000005,42.7,23.9,4.3
RIVERSIDE BEAVER COUNTY SD,Algebra I,Historically Underperforming,49,14.3,36.70000000000001,38.8,10.199999999999998
RIVERSIDE BEAVER COUNTY SD,Biology,All Students,119,25.2,35.3,28.6,10.9
RIVERSIDE BEAVER COUNTY SD,Biology,Historically Underperforming,50,12.0,26.0,38.0,24.0
RIVERSIDE BEAVER COUNTY SD,Literature,All Students,119,9.2,63.9,21.0,5.9
RIVERSIDE BEAVER COUNTY SD,Literature,Historically Underperforming,50,6.0,48.0,34.0,12.0
ROCHESTER AREA SD,Algebra I,All Students,45,6.7,48.9,42.2,2.2
ROCHESTER AREA SD,Algebra I,Historically Underperforming,22,0.0,36.39999999999999,59.099999999999994,4.5
ROCHESTER AREA SD,Biology,All Students,45,11.1,51.1,24.400000000000002,13.3
