District,Subject,Demographic,Total_Students,p4,p5,p6,p7
ADAMS COUNTY TECHNICAL INSTITUTE,Algebra I,All Students,3,NULL,NULL,NULL,NULL
ADAMS COUNTY TECHNICAL INSTITUTE,Biology,All Students,1,NULL,NULL,NULL,NULL
ADAMS COUNTY TECHNICAL INSTITUTE,Literature,All Students,1,NULL,NULL,NULL,NULL
BERMUDIAN SPRINGS SD,Algebra I,All Students,135,32.6,42.2,23.7,1.5
BERMUDIAN SPRINGS SD,Algebra I,Historically Underperforming,37,24.3,35.1,37.8,2.7
BERMUDIAN SPRINGS SD,Biology,All Students,36,72.2,16.7,11.1,0.0
BERMUDIAN SPRINGS SD,Biology,Historically Underperforming,6,NULL,NULL,NULL,NULL
BERMUDIAN SPRINGS SD,Literature,All Students,87,13.8,86.2,0.0,0.0
BERMUDIAN SPRINGS SD,Literature,Historically Underperforming,18,22.2,77.8,0.0,0.0
CONEWAGO VALLEY SD,Algebra I,All Students,227,37.4,43.6,14.499999999999998,4.4
CONEWAGO VALLEY SD,Algebra I,Historically Underperforming,78,24.4,41.0,21.800000000000004,12.8
CONEWAGO VALLEY SD,Biology,All Students,40,52.5,12.5,30.0,5.0
CONEWAGO VALLEY SD,Biology,Historically Underperforming,15,33.3,20.0,40.0,6.7
CONEWAGO VALLEY SD,Literature,All Students,14,0.0,14.3,50.0,35.7
CONEWAGO VALLEY SD,Literature,Historically Underperforming,9,NULL,NULL,NULL,NULL
FAIRFIELD AREA SD,Algebra I,All Students,75,26.700000000000003,37.3,30.7,5.3
FAIRFIELD AREA SD,Algebra I,Historically Underperforming,16,25.0,37.5,25.0,12.5
FAIRFIELD AREA SD,Biology,All Students,40,42.5,37.5,17.5,2.5
FAIRFIELD AREA SD,Biology,Historically Underperforming,9,NULL,NULL,NULL,NULL
GETTYSBURG AREA SD,Algebra I,All Students,194,38.1,42.3,17.0,2.6
GETTYSBURG AREA SD,Algebra I,Historically Underperforming,60,16.7,46.7,28.300000000000004,8.3
GETTYSBURG AREA SD,Biology,All Students,27,44.4,14.800000000000002,29.600000000000005,11.1
GETTYSBURG AREA SD,Biology,Historically Underperforming,10,NULL,NULL,NULL,NULL
GETTYSBURG AREA SD,Literature,All Students,11,9.099999999999998,27.3,36.39999999999999,27.3
GETTYSBURG AREA SD,Literature,Historically Underperforming,8,NULL,NULL,NULL,NULL
LITTLESTOWN AREA SD,Algebra I,All Students,145,27.6,42.8,23.4,6.2
LITTLESTOWN AREA SD,Algebra I,Historically Underperforming,30,10.0,20.0,46.7,23.3
LITTLESTOWN AREA SD,Biology,All Students,142,43.7,31.7,16.2,8.5
LITTLESTOWN AREA SD,Biology,Historically Underperforming,30,33.3,6.7,30.0,30.0
LITTLESTOWN AREA SD,Literature,All Students,6,NULL,NULL,NULL,NULL
LITTLESTOWN AREA SD,Literature,Historically Underperforming,5,NULL,NULL,NULL,NULL
UPPER ADAMS SD,Algebra I,All Students,124,24.2,36.3,31.5,8.1
UPPER ADAMS SD,Algebra I,Historically Underperforming,55,14.499999999999998,27.3,40.0,18.2
UPPER ADAMS SD,Biology,All Students,12,0.0,16.699999999999996,50.0,33.3
UPPER ADAMS SD,Biology,Historically Underperforming,8,NULL,NULL,NULL,NULL
UPPER ADAMS SD,Literature,All Students,3,NULL,NULL,NULL,NULL
UPPER ADAMS SD,Literature,Historically Underperforming,3,NULL,NULL,NULL,NULL
A W BEATTIE CAREER CENTER,Algebra I,All Students,4,NULL,NULL,NULL,NULL
A W BEATTIE CAREER CENTER,Algebra I,Historically Underperforming,2,NULL,NULL,NULL,NULL
A W BEATTIE CAREER CENTER,Biology,All Students,3,NULL,NULL,NULL,NULL
A W BEATTIE CAREER CENTER,Biology,Historically Underperforming,2,NULL,NULL,NULL,NULL
ALLEGHENY VALLEY SD,Algebra I,All Students,61,18.0,42.6,32.8,6.6000000000000005
ALLEGHENY VALLEY SD,Algebra I,Historically Underperforming,26,15.399999999999997,38.5,38.5,7.699999999999998
ALLEGHENY VALLEY SD,Biology,All Students,28,57.10000000000001,35.7,3.5999999999999996,3.5999999999999996
ALLEGHENY VALLEY SD,Biology,Historically Underperforming,11,54.50000000000001,27.3,9.099999999999998,9.099999999999998
ALLEGHENY VALLEY SD,Literature,All Students,3,NULL,NULL,NULL,NULL
ALLEGHENY VALLEY SD,Literature,Historically Underperforming,2,NULL,NULL,NULL,NULL
AVONWORTH SD,Algebra I,All Students,114,34.199999999999996,32.5,26.3,7.000000000000001
AVONWORTH SD,Algebra I,Historically Underperforming,32,12.5,37.5,34.4,15.6
AVONWORTH SD,Biology,All Students,81,40.699999999999996,41.99999999999999,16.0,1.2
AVONWORTH SD,Biology,Historically Underperforming,13,38.5,30.799999999999994,30.799999999999994,0.0
BALDWIN-WHITEHALL SD,Algebra I,All Students,297,30.0,29.600000000000005,32.0,8.4
BALDWIN-WHITEHALL SD,Algebra I,Historically Underperforming,91,26.400000000000002,22.0,34.1,17.6
BALDWIN-WHITEHALL SD,Biology,All Students,321,36.1,30.5,21.5,11.799999999999999
BALDWIN-WHITEHALL SD,Biology,Historically Underperforming,111,30.599999999999998,21.6,20.7,27.0
BETHEL PARK SD,Algebra I,All Students,280,29.600000000000005,47.5,18.6,4.3
BETHEL PARK SD,Algebra I,Historically Underperforming,61,21.3,31.1,31.1,16.4
BETHEL PARK SD,Biology,All Students,112,57.99999999999999,31.3,8.9,1.7999999999999998
BETHEL PARK SD,Biology,Historically Underperforming,12,41.7,25.0,16.699999999999996,16.699999999999996
BETHEL PARK SD,Literature,All Students,3,NULL,NULL,NULL,NULL
BETHEL PARK SD,Literature,Historically Underperforming,2,NULL,NULL,NULL,NULL
BRENTWOOD BOROUGH SD,Algebra I,All Students,74,17.6,37.8,43.2,1.3999999999999997
BRENTWOOD BOROUGH SD,Algebra I,Historically Underperforming,33,15.2,33.3,51.5,0.0
BRENTWOOD BOROUGH SD,Biology,All Students,59,39.0,39.0,20.3,1.7000000000000002
BRENTWOOD BOROUGH SD,Biology,Historically Underperforming,28,25.0,46.4,28.6,0.0
BRENTWOOD BOROUGH SD,Literature,All Students,2,NULL,NULL,NULL,NULL
BRENTWOOD BOROUGH SD,Literature,Historically Underperforming,1,NULL,NULL,NULL,NULL
CARLYNTON SD,Algebra I,All Students,80,16.3,30.0,36.3,17.5
CARLYNTON SD,Algebra I,Historically Underperforming,35,11.4,31.4,34.3,22.899999999999995
CARLYNTON SD,Biology,All Students,76,28.9,28.9,30.3,11.799999999999999
CARLYNTON SD,Biology,Historically Underperforming,33,21.2,36.4,24.2,18.2
CHARTIERS VALLEY SD,Algebra I,All Students,209,15.8,38.29999999999999,34.0,12.0
CHARTIERS VALLEY SD,Algebra I,Historically Underperforming,59,3.4000000000000004,22.0,44.10000000000001,30.5
CHARTIERS VALLEY SD,Biology,All Students,212,30.7,34.0,22.2,13.200000000000001
CHARTIERS VALLEY SD,Biology,Historically Underperforming,66,15.2,21.2,27.3,36.4
CITY CHS,Biology,All Students,133,1.5,15.8,40.6,42.1
CITY CHS,Biology,Historically Underperforming,93,1.1,9.7,40.9,48.4
CLAIRTON CITY SD,Algebra I,All Students,49,2.0,22.4,61.199999999999996,14.3
CLAIRTON CITY SD,Algebra I,Historically Underperforming,44,2.3,18.199999999999996,63.6,15.9
CLAIRTON CITY SD,Biology,All Students,26,11.5,26.899999999999995,46.2,15.399999999999997
CLAIRTON CITY SD,Biology,Historically Underperforming,21,9.5,19.0,52.400000000000006,19.0
CLAIRTON CITY SD,Literature,All Students,9,NULL,NULL,NULL,NULL
CLAIRTON CITY SD,Literature,Historically Underperforming,9,NULL,NULL,NULL,NULL
CORNELL SD,Algebra I,All Students,35,0.0,31.4,51.4,17.1
CORNELL SD,Algebra I,Historically Underperforming,23,0.0,17.4,56.49999999999999,26.1
CORNELL SD,Biology,All Students,21,23.8,38.099999999999994,28.6,9.5
CORNELL SD,Biology,Historically Underperforming,12,8.3,33.3,41.7,16.699999999999996
CORNELL SD,Literature,All Students,3,NULL,NULL,NULL,NULL
CORNELL SD,Literature,Historically Underperforming,3,NULL,NULL,NULL,NULL
DEER LAKES SD,Algebra I,All Students,148,19.6,33.8,27.0,19.6
DEER LAKES SD,Algebra I,Historically Underperforming,48,8.3,14.6,41.7,35.39999999999999
DEER LAKES SD,Biology,All Students,148,19.6,31.1,35.1,14.2
DEER LAKES SD,Biology,Historically Underperforming,47,8.5,19.1,44.7,27.699999999999996
EAST ALLEGHENY SD,Algebra I,All Students,41,29.299999999999997,24.4,17.1,29.299999999999997
EAST ALLEGHENY SD,Algebra I,Historically Underperforming,27,18.5,18.5,22.2,40.7
EAST ALLEGHENY SD,Biology,All Students,39,43.60000000000001,28.199999999999996,5.1,23.1
EAST ALLEGHENY SD,Biology,Historically Underperforming,23,26.1,30.4,4.3,39.1
EAST ALLEGHENY SD,Literature,All Students,5,NULL,NULL,NULL,NULL
EAST ALLEGHENY SD,Literature,Historically Underperforming,5,NULL,NULL,NULL,NULL
ELIZABETH FORWARD SD,Algebra I,All Students,172,14.499999999999998,44.800000000000004,26.200000000000003,14.499999999999998
ELIZABETH FORWARD SD,Algebra I,Historically Underperforming,64,7.8,28.1,31.3,32.8
ELIZABETH FORWARD SD,Biology,All Students,173,24.3,41.0,18.500000000000004,16.2
ELIZABETH FORWARD SD,Biology,Historically Underperforming,65,9.2,32.3,21.5,36.9
FORBES ROAD CTC,Algebra I,All Students,13,0.0,7.699999999999998,46.2,46.2
FORBES ROAD CTC,Algebra I,Historically Underperforming,8,NULL,NULL,NULL,NULL
FORBES ROAD CTC,Biology,All Students,12,16.699999999999996,16.699999999999996,25.0,41.7
FORBES ROAD CTC,Biology,Historically Underperforming,6,NULL,NULL,NULL,NULL
FORBES ROAD CTC,Literature,All Students,11,0.0,36.39999999999999,18.199999999999996,45.5
FORBES ROAD CTC,Literature,Historically Underperforming,8,NULL,NULL,NULL,NULL
FOX CHAPEL AREA SD,Algebra I,All Students,315,55.2,31.4,10.8,2.5
FOX CHAPEL AREA SD,Algebra I,Historically Underperforming,73,26.0,35.6,28.800000000000004,9.6
FOX CHAPEL AREA SD,Biology,All Students,241,74.3,23.2,2.5,0.0
FOX CHAPEL AREA SD,Biology,Historically Underperforming,32,53.1,40.6,6.3,0.0
FOX CHAPEL AREA SD,Literature,All Students,2,NULL,NULL,NULL,NULL
GATEWAY SD,Algebra I,All Students,176,28.4,34.7,26.1,10.8
GATEWAY SD,Algebra I,Historically Underperforming,66,13.600000000000001,31.8,31.8,22.7
GATEWAY SD,Biology,All Students,95,66.3,13.699999999999998,9.5,10.5
GATEWAY SD,Biology,Historically Underperforming,33,39.4,9.1,21.2,30.3
GATEWAY SD,Literature,All Students,57,45.6,50.9,3.5000000000000004,0.0
GATEWAY SD,Literature,Historically Underperforming,12,16.699999999999996,66.70000000000002,16.699999999999996,0.0
HAMPTON TOWNSHIP SD,Algebra I,All Students,238,43.3,43.7,10.5,2.5
HAMPTON TOWNSHIP SD,Algebra I,Historically Underperforming,39,17.9,46.2,23.1,12.8
HAMPTON TOWNSHIP SD,Biology,All Students,208,56.3,36.1,7.699999999999998,0.0
HAMPTON TOWNSHIP SD,Biology,Historically Underperforming,21,33.3,47.6,19.0,0.0
HAMPTON TOWNSHIP SD,Literature,All Students,1,NULL,NULL,NULL,NULL
HAMPTON TOWNSHIP SD,Literature,Historically Underperforming,1,NULL,NULL,NULL,NULL
HIGHLANDS SD,Algebra I,All Students,127,11.8,40.2,33.9,14.2
HIGHLANDS SD,Algebra I,Historically Underperforming,56,5.4,33.9,35.7,25.0
HIGHLANDS SD,Biology,All Students,140,7.9,23.599999999999998,37.9,30.7
HIGHLANDS SD,Biology,Historically Underperforming,65,3.1000000000000005,18.5,32.3,46.2
HIGHLANDS SD,Literature,All Students,4,NULL,NULL,NULL,NULL
HIGHLANDS SD,Literature,Historically Underperforming,2,NULL,NULL,NULL,NULL
KEYSTONE OAKS SD,Algebra I,All Students,128,25.8,40.6,26.6,7.000000000000001
KEYSTONE OAKS SD,Algebra I,Historically Underperforming,50,16.0,34.0,40.0,10.0
KEYSTONE OAKS SD,Biology,All Students,131,27.500000000000004,37.4,21.4,13.699999999999998
KEYSTONE OAKS SD,Biology,Historically Underperforming,53,17.0,34.0,26.400000000000002,22.6
KEYSTONE OAKS SD,Literature,All Students,4,NULL,NULL,NULL,NULL
KEYSTONE OAKS SD,Literature,Historically Underperforming,4,NULL,NULL,NULL,NULL
MCKEESPORT AREA SD,Algebra I,All Students,148,6.1000000000000005,15.5,38.5,39.9
MCKEESPORT AREA SD,Algebra I,Historically Underperforming,74,5.4,10.8,37.8,45.89999999999999
MCKEESPORT AREA SD,Biology,All Students,25,4.0,8.0,36.0,52.0
MCKEESPORT AREA SD,Biology,Historically Underperforming,17,0.0,0.0,47.099999999999994,52.900000000000006
MCKEESPORT AREA SD,Literature,All Students,14,0.0,21.4,28.6,50.0
MCKEESPORT AREA SD,Literature,Historically Underperforming,11,0.0,27.3,27.3,45.5
MCKEESPORT AREA TECH CTR,Algebra I,All Students,3,NULL,NULL,NULL,NULL
MCKEESPORT AREA TECH CTR,Algebra I,Historically Underperforming,3,NULL,NULL,NULL,NULL
MCKEESPORT AREA TECH CTR,Biology,All Students,1,NULL,NULL,NULL,NULL
MCKEESPORT AREA TECH CTR,Biology,Historically Underperforming,1,NULL,NULL,NULL,NULL
MCKEESPORT AREA TECH CTR,Literature,All Students,2,NULL,NULL,NULL,NULL
MCKEESPORT AREA TECH CTR,Literature,Historically Underperforming,2,NULL,NULL,NULL,NULL
MONTOUR SD,Algebra I,All Students,157,46.50000000000001,45.89999999999999,7.000000000000001,0.6
MONTOUR SD,Algebra I,Historically Underperforming,37,35.1,48.6,13.5,2.7
MONTOUR SD,Biology,All Students,206,26.700000000000003,45.1,20.399999999999995,7.8
MONTOUR SD,Biology,Historically Underperforming,61,16.4,32.8,32.8,18.0
MONTOUR SD,Literature,All Students,13,7.699999999999998,76.9,15.399999999999997,0.0
MONTOUR SD,Literature,Historically Underperforming,1,NULL,NULL,NULL,NULL
MOON AREA SD,Algebra I,All Students,267,34.1,44.9,17.2,3.7000000000000006
MOON AREA SD,Algebra I,Historically Underperforming,68,10.3,32.4,44.1,13.200000000000001
MOON AREA SD,Biology,All Students,121,75.2,17.4,5.0,2.5
MOON AREA SD,Biology,Historically Underperforming,18,44.4,16.7,22.2,16.7
MOON AREA SD,Literature,All Students,2,NULL,NULL,NULL,NULL
MOON AREA SD,Literature,Historically Underperforming,2,NULL,NULL,NULL,NULL
MT LEBANON SD,Algebra I,All Students,422,41.5,44.3,10.9,3.3000000000000003
MT LEBANON SD,Algebra I,Historically Underperforming,87,17.2,41.400000000000006,27.6,13.8
MT LEBANON SD,Biology,All Students,11,27.3,36.39999999999999,18.199999999999996,18.199999999999996
MT LEBANON SD,Biology,Historically Underperforming,7,NULL,NULL,NULL,NULL
MT LEBANON SD,Literature,All Students,3,NULL,NULL,NULL,NULL
MT LEBANON SD,Literature,Historically Underperforming,1,NULL,NULL,NULL,NULL
NORTH ALLEGHENY SD,Algebra I,All Students,679,42.0,39.49999999999999,15.0,3.5000000000000004
NORTH ALLEGHENY SD,Algebra I,Historically Underperforming,111,16.2,28.800000000000004,36.0,18.9
NORTH ALLEGHENY SD,Biology,All Students,536,67.0,28.7,3.9,0.4
NORTH ALLEGHENY SD,Biology,Historically Underperforming,50,46.0,40.0,12.0,2.0
NORTH HILLS SD,Algebra I,All Students,298,30.5,40.6,24.2,4.7
NORTH HILLS SD,Algebra I,Historically Underperforming,86,15.1,27.9,44.2,12.8
NORTH HILLS SD,Biology,All Students,314,33.1,37.3,19.4,10.2
NORTH HILLS SD,Biology,Historically Underperforming,102,13.699999999999998,32.4,26.5,27.500000000000004
NORTH HILLS SD,Literature,All Students,5,NULL,NULL,NULL,NULL
NORTH HILLS SD,Literature,Historically Underperforming,4,NULL,NULL,NULL,NULL
NORTHGATE SD,Algebra I,All Students,63,4.8,47.6,38.1,9.5
NORTHGATE SD,Algebra I,Historically Underperforming,31,3.2,32.3,51.6,12.9
NORTHGATE SD,Biology,All Students,7,NULL,NULL,NULL,NULL
NORTHGATE SD,Biology,Historically Underperforming,5,NULL,NULL,NULL,NULL
NORTHGATE SD,Literature,All Students,6,NULL,NULL,NULL,NULL
NORTHGATE SD,Literature,Historically Underperforming,5,NULL,NULL,NULL,NULL
PARKWAY WEST CTC,Algebra I,All Students,1,NULL,NULL,NULL,NULL
PASSPORT ACADEMY CS,Algebra I,All Students,5,NULL,NULL,NULL,NULL
PASSPORT ACADEMY CS,Algebra I,Historically Underperforming,2,NULL,NULL,NULL,NULL
PASSPORT ACADEMY CS,Biology,All Students,1,NULL,NULL,NULL,NULL
PASSPORT ACADEMY CS,Biology,Historically Underperforming,1,NULL,NULL,NULL,NULL
PENN HILLS SD,Algebra I,All Students,192,3.1,31.8,42.199999999999996,22.9
PENN HILLS SD,Algebra I,Historically Underperforming,140,2.9,25.7,42.9,28.6
PENN HILLS SD,Biology,All Students,141,16.3,32.6,11.3,39.7
PENN HILLS SD,Biology,Historically Underperforming,102,10.8,25.5,14.7,49.0
PENN HILLS SD,Literature,All Students,10,NULL,NULL,NULL,NULL
PENN HILLS SD,Literature,Historically Underperforming,9,NULL,NULL,NULL,NULL
PENNSYLVANIA DISTANCE LEARNING CS,Algebra I,All Students,42,16.7,16.7,38.099999999999994,28.6
PENNSYLVANIA DISTANCE LEARNING CS,Algebra I,Historically Underperforming,23,4.3,21.7,47.8,26.1
PENNSYLVANIA DISTANCE LEARNING CS,Biology,All Students,37,10.8,32.4,24.3,32.4
PENNSYLVANIA DISTANCE LEARNING CS,Biology,Historically Underperforming,22,4.5,36.39999999999999,13.600000000000001,45.5
PENNSYLVANIA DISTANCE LEARNING CS,Literature,All Students,14,0.0,28.6,35.7,35.7
PENNSYLVANIA DISTANCE LEARNING CS,Literature,Historically Underperforming,9,NULL,NULL,NULL,NULL
PINE-RICHLAND SD,Algebra I,All Students,340,54.1,39.4,5.3,1.2
PINE-RICHLAND SD,Algebra I,Historically Underperforming,52,28.800000000000004,44.2,19.2,7.699999999999998
PINE-RICHLAND SD,Biology,All Students,321,38.3,51.4,9.0,1.2
PINE-RICHLAND SD,Biology,Historically Underperforming,43,23.3,55.8,14.000000000000002,7.000000000000001
PINE-RICHLAND SD,Literature,All Students,343,27.699999999999996,66.5,5.2,0.6
PINE-RICHLAND SD,Literature,Historically Underperforming,56,7.1,64.3,25.0,3.5999999999999996
PITTSBURGH SD,Algebra I,All Students,984,16.06036585365854,32.01036585365854,34.37266260162601,17.58983739837398
PITTSBURGH SD,Algebra I,Historically Underperforming,524,7.462022900763358,25.38015267175573,39.88797709923665,25.94198473282443
PITTSBURGH SD,Biology,All Students,859,18.62840512223516,31.094761350407456,28.733876600698487,18.73620488940628
PITTSBURGH SD,Biology,Historically Underperforming,411,8.998053527980534,23.11678832116788,36.01094890510949,27.72506082725061
PITTSBURGH SD,Literature,All Students,151,7.272847682119206,61.600662251655635,13.272185430463576,8.582781456953642
PITTSBURGH SD,Literature,Historically Underperforming,72,2.8000000000000003,49.99166666666667,8.361111111111112,8.341666666666667
PLUM BOROUGH SD,Algebra I,All Students,245,31.4,40.8,23.3,4.5
PLUM BOROUGH SD,Algebra I,Historically Underperforming,59,16.9,37.3,30.5,15.299999999999999
PLUM BOROUGH SD,Biology,All Students,255,35.7,39.6,18.8,5.9
PLUM BOROUGH SD,Biology,Historically Underperforming,65,26.200000000000003,35.4,30.8,7.7
PLUM BOROUGH SD,Literature,All Students,2,NULL,NULL,NULL,NULL
PLUM BOROUGH SD,Literature,Historically Underperforming,1,NULL,NULL,NULL,NULL
PROPEL CS-BRADDOCK HILLS,Algebra I,All Students,23,0.0,47.8,26.1,26.1
PROPEL CS-BRADDOCK HILLS,Algebra I,Historically Underperforming,19,0.0,36.8,31.6,31.6
PROPEL CS-BRADDOCK HILLS,Biology,All Students,5,NULL,NULL,NULL,NULL
PROPEL CS-BRADDOCK HILLS,Biology,Historically Underperforming,5,NULL,NULL,NULL,NULL
PROPEL CS-BRADDOCK HILLS,Literature,All Students,3,NULL,NULL,NULL,NULL
PROPEL CS-BRADDOCK HILLS,Literature,Historically Underperforming,3,NULL,NULL,NULL,NULL
PROPEL CS-HOMESTEAD,Algebra I,All Students,11,9.099999999999998,36.39999999999999,27.3,27.3
PROPEL CS-HOMESTEAD,Algebra I,Historically Underperforming,10,NULL,NULL,NULL,NULL
PROPEL CS-HOMESTEAD,Biology,All Students,5,NULL,NULL,NULL,NULL
PROPEL CS-HOMESTEAD,Biology,Historically Underperforming,5,NULL,NULL,NULL,NULL
PROPEL CS-HOMESTEAD,Literature,All Students,3,NULL,NULL,NULL,NULL
PROPEL CS-HOMESTEAD,Literature,Historically Underperforming,3,NULL,NULL,NULL,NULL
PROPEL CS-MONTOUR,Algebra I,All Students,11,9.099999999999998,18.199999999999996,54.50000000000001,18.199999999999996
PROPEL CS-MONTOUR,Algebra I,Historically Underperforming,9,NULL,NULL,NULL,NULL
QUAKER VALLEY SD,Algebra I,All Students,160,31.3,41.89999999999999,22.5,4.4
QUAKER VALLEY SD,Algebra I,Historically Underperforming,44,6.800000000000001,40.9,36.39999999999999,15.9
QUAKER VALLEY SD,Biology,All Students,145,48.3,40.7,7.6,3.4000000000000004
QUAKER VALLEY SD,Biology,Historically Underperforming,31,19.4,48.4,16.1,16.1
RIVERVIEW SD,Algebra I,All Students,45,35.60000000000001,37.8,17.800000000000004,8.900000000000002
RIVERVIEW SD,Algebra I,Historically Underperforming,13,7.699999999999998,46.2,30.799999999999994,15.399999999999997
RIVERVIEW SD,Biology,All Students,55,38.2,30.9,14.499999999999998,16.4
RIVERVIEW SD,Biology,Historically Underperforming,22,9.099999999999998,31.8,27.3,31.8
RIVERVIEW SD,Literature,All Students,1,NULL,NULL,NULL,NULL
SHALER AREA SD,Algebra I,All Students,318,19.8,42.1,28.300000000000004,9.7
SHALER AREA SD,Algebra I,Historically Underperforming,115,11.3,27.0,37.4,24.3
SHALER AREA SD,Biology,All Students,147,53.7,41.5,2.7,2.0
SHALER AREA SD,Biology,Historically Underperforming,28,39.3,42.9,7.1,10.7
SHALER AREA SD,Literature,All Students,20,0.0,0.0,45.0,55.00000000000001
SHALER AREA SD,Literature,Historically Underperforming,20,0.0,0.0,45.0,55.00000000000001
SOUTH ALLEGHENY SD,Algebra I,All Students,97,4.1,32.99999999999999,48.50000000000001,14.400000000000002
SOUTH ALLEGHENY SD,Algebra I,Historically Underperforming,48,6.3,16.699999999999996,50.0,27.1
SOUTH ALLEGHENY SD,Biology,All Students,49,24.499999999999996,46.9,14.3,14.3
SOUTH ALLEGHENY SD,Biology,Historically Underperforming,16,31.3,31.3,12.5,25.0
SOUTH ALLEGHENY SD,Literature,All Students,8,NULL,NULL,NULL,NULL
SOUTH ALLEGHENY SD,Literature,Historically Underperforming,7,NULL,NULL,NULL,NULL
SOUTH FAYETTE TOWNSHIP SD,Algebra I,All Students,268,50.4,35.1,13.100000000000001,1.4999999999999998
SOUTH FAYETTE TOWNSHIP SD,Algebra I,Historically Underperforming,54,27.800000000000004,29.600000000000005,35.2,7.400000000000001
SOUTH FAYETTE TOWNSHIP SD,Biology,All Students,266,43.6,44.7,9.0,2.6
SOUTH FAYETTE TOWNSHIP SD,Biology,Historically Underperforming,55,18.2,43.6,27.3,10.9
SOUTH FAYETTE TOWNSHIP SD,Literature,All Students,1,NULL,NULL,NULL,NULL
SOUTH PARK SD,Algebra I,All Students,129,51.2,26.400000000000002,20.2,2.3
SOUTH PARK SD,Algebra I,Historically Underperforming,30,40.0,16.7,33.3,10.0
SOUTH PARK SD,Biology,All Students,39,87.20000000000002,10.3,0.0,2.6
SOUTH PARK SD,Biology,Historically Underperforming,6,NULL,NULL,NULL,NULL
SOUTH PARK SD,Literature,All Students,5,NULL,NULL,NULL,NULL
SOUTH PARK SD,Literature,Historically Underperforming,3,NULL,NULL,NULL,NULL
SPECTRUM CS,Algebra I,All Students,1,NULL,NULL,NULL,NULL
SPECTRUM CS,Algebra I,Historically Underperforming,1,NULL,NULL,NULL,NULL
SPECTRUM CS,Biology,All Students,1,NULL,NULL,NULL,NULL
SPECTRUM CS,Biology,Historically Underperforming,1,NULL,NULL,NULL,NULL
STEEL CENTER FOR CAREER AND TECHNICAL EDUCATION,Algebra I,All Students,2,NULL,NULL,NULL,NULL
STEEL CENTER FOR CAREER AND TECHNICAL EDUCATION,Algebra I,Historically Underperforming,1,NULL,NULL,NULL,NULL
STEEL CENTER FOR CAREER AND TECHNICAL EDUCATION,Biology,All Students,2,NULL,NULL,NULL,NULL
STEEL CENTER FOR CAREER AND TECHNICAL EDUCATION,Biology,Historically Underperforming,1,NULL,NULL,NULL,NULL
STEEL VALLEY SD,Algebra I,All Students,64,14.099999999999998,42.2,25.0,18.8
STEEL VALLEY SD,Algebra I,Historically Underperforming,45,13.3,40.0,22.2,24.400000000000002
STEEL VALLEY SD,Biology,All Students,40,17.5,50.0,17.5,15.0
STEEL VALLEY SD,Biology,Historically Underperforming,28,21.4,42.9,17.9,17.9
STEEL VALLEY SD,Literature,All Students,3,NULL,NULL,NULL,NULL
STEEL VALLEY SD,Literature,Historically Underperforming,2,NULL,NULL,NULL,NULL
STO-ROX SD,Algebra I,All Students,22,0.0,18.199999999999996,68.2,13.600000000000001
STO-ROX SD,Algebra I,Historically Underperforming,18,0.0,22.2,66.7,11.1
STO-ROX SD,Biology,All Students,2,NULL,NULL,NULL,NULL
STO-ROX SD,Biology,Historically Underperforming,2,NULL,NULL,NULL,NULL
THE NEW ACADEMY CS,Algebra I,All Students,22,0.0,0.0,18.199999999999996,81.8
THE NEW ACADEMY CS,Algebra I,Historically Underperforming,15,0.0,0.0,6.7,93.3
THE NEW ACADEMY CS,Biology,All Students,19,0.0,0.0,5.299999999999999,94.7
THE NEW ACADEMY CS,Biology,Historically Underperforming,15,0.0,0.0,0.0,100.0
THE NEW ACADEMY CS,Literature,All Students,24,0.0,0.0,16.699999999999996,83.29999999999998
THE NEW ACADEMY CS,Literature,Historically Underperforming,18,0.0,0.0,11.1,88.89999999999999
UPPER SAINT CLAIR SD,Algebra I,All Students,297,56.60000000000001,34.3,8.4,0.7
UPPER SAINT CLAIR SD,Algebra I,Historically Underperforming,47,21.3,38.3,38.3,2.1
UPPER SAINT CLAIR SD,Biology,All Students,303,64.0,27.1,5.6000000000000005,3.3000000000000003
UPPER SAINT CLAIR SD,Biology,Historically Underperforming,54,22.2,40.7,20.4,16.7
UPPER SAINT CLAIR SD,Literature,All Students,1,NULL,NULL,NULL,NULL
UPPER SAINT CLAIR SD,Literature,Historically Underperforming,1,NULL,NULL,NULL,NULL
URBAN PATHWAYS 6-12 CS,Algebra I,All Students,33,0.0,12.1,51.5,36.4
URBAN PATHWAYS 6-12 CS,Algebra I,Historically Underperforming,27,0.0,7.400000000000001,51.9,40.7
WEST ALLEGHENY SD,Algebra I,All Students,250,44.4,31.6,19.2,4.8
WEST ALLEGHENY SD,Algebra I,Historically Underperforming,70,15.7,28.6,41.4,14.3
WEST ALLEGHENY SD,Biology,All Students,243,34.2,47.70000000000001,12.8,5.3
WEST ALLEGHENY SD,Biology,Historically Underperforming,65,13.8,33.8,33.8,18.5
WEST ALLEGHENY SD,Literature,All Students,4,NULL,NULL,NULL,NULL
WEST ALLEGHENY SD,Literature,Historically Underperforming,3,NULL,NULL,NULL,NULL
WEST JEFFERSON HILLS SD,Algebra I,All Students,210,38.6,41.4,17.1,2.9
WEST JEFFERSON HILLS SD,Algebra I,Historically Underperforming,32,15.6,40.6,37.5,6.3
WEST JEFFERSON HILLS SD,Biology,All Students,215,34.9,45.1,16.3,3.7000000000000006
WEST JEFFERSON HILLS SD,Biology,Historically Underperforming,41,9.799999999999999,31.7,43.89999999999999,14.6
WEST MIFFLIN AREA SD,Algebra I,All Students,136,11.0,43.4,30.099999999999998,15.4
WEST MIFFLIN AREA SD,Algebra I,Historically Underperforming,67,9.0,32.8,34.3,23.899999999999995
WEST MIFFLIN AREA SD,Biology,All Students,171,18.1,34.5,24.6,22.8
WEST MIFFLIN AREA SD,Biology,Historically Underperforming,96,12.5,25.0,32.3,30.2
WEST MIFFLIN AREA SD,Literature,All Students,4,NULL,NULL,NULL,NULL
WEST MIFFLIN AREA SD,Literature,Historically Underperforming,4,NULL,NULL,NULL,NULL
WESTINGHOUSE ARTS ACADEMY CS,Algebra I,All Students,31,6.5,32.3,58.099999999999994,3.2
WESTINGHOUSE ARTS ACADEMY CS,Algebra I,Historically Underperforming,18,11.1,27.800000000000004,55.60000000000001,5.6000000000000005
WESTINGHOUSE ARTS ACADEMY CS,Biology,All Students,28,28.6,25.0,25.0,21.4
WESTINGHOUSE ARTS ACADEMY CS,Biology,Historically Underperforming,19,21.1,26.3,26.3,26.3
WESTINGHOUSE ARTS ACADEMY CS,Literature,All Students,5,NULL,NULL,NULL,NULL
WESTINGHOUSE ARTS ACADEMY CS,Literature,Historically Underperforming,1,NULL,NULL,NULL,NULL
WOODLAND HILLS SD,Algebra I,All Students,127,6.3,30.7,41.7,21.3
WOODLAND HILLS SD,Algebra I,Historically Underperforming,63,7.9,17.5,44.4,30.2
WOODLAND HILLS SD,Biology,All Students,160,18.1,28.1,31.3,22.5
WOODLAND HILLS SD,Biology,Historically Underperforming,84,13.100000000000001,20.200000000000003,38.099999999999994,28.6
WOODLAND HILLS SD,Literature,All Students,15,0.0,26.700000000000003,26.700000000000003,46.7
WOODLAND HILLS SD,Literature,Historically Underperforming,10,NULL,NULL,NULL,NULL
APOLLO-RIDGE SD,Algebra I,All Students,58,20.700000000000003,43.1,32.8,3.4000000000000004
APOLLO-RIDGE SD,Algebra I,Historically Underperforming,28,17.9,32.1,42.9,7.1
APOLLO-RIDGE SD,Biology,All Students,60,28.300000000000004,56.7,11.7,3.3000000000000003
APOLLO-RIDGE SD,Biology,Historically Underperforming,30,26.700000000000003,46.7,20.0,6.7
APOLLO-RIDGE SD,Literature,All Students,3,NULL,NULL,NULL,NULL
APOLLO-RIDGE SD,Literature,Historically Underperforming,3,NULL,NULL,NULL,NULL
ARMSTRONG SD,Algebra I,All Students,149,20.82885906040269,62.396644295302,14.142281879194629,2.7033557046979864
ARMSTRONG SD,Algebra I,Historically Underperforming,42,16.671428571428574,52.359523809523814,23.809523809523807,7.159523809523809
ARMSTRONG SD,Biology,All Students,59,84.71864406779662,1.7152542372881356,5.067796610169492,8.498305084745764
ARMSTRONG SD,Biology,Historically Underperforming,15,33.36,0.0,20.0,26.639999999999997
ARMSTRONG SD,Literature,All Students,3,NULL,NULL,NULL,NULL
ARMSTRONG SD,Literature,Historically Underperforming,2,NULL,NULL,NULL,NULL
FREEPORT AREA SD,Algebra I,All Students,122,37.7,42.6,18.9,0.8
FREEPORT AREA SD,Algebra I,Historically Underperforming,30,13.3,50.0,33.3,3.3000000000000003
FREEPORT AREA SD,Biology,All Students,2,NULL,NULL,NULL,NULL
FREEPORT AREA SD,Biology,Historically Underperforming,1,NULL,NULL,NULL,NULL
LEECHBURG AREA SD,Algebra I,All Students,41,2.4,61.0,24.4,12.2
LEECHBURG AREA SD,Algebra I,Historically Underperforming,19,5.299999999999999,36.8,31.6,26.3
LEECHBURG AREA SD,Biology,All Students,42,23.8,47.6,26.200000000000003,2.4
LEECHBURG AREA SD,Biology,Historically Underperforming,20,15.0,35.0,45.0,5.0
LENAPE TECH,Algebra I,All Students,100,5.0,49.0,28.999999999999996,17.0
LENAPE TECH,Algebra I,Historically Underperforming,53,3.8,32.1,37.7,26.400000000000002
LENAPE TECH,Biology,All Students,49,14.3,32.7,24.499999999999996,28.6
LENAPE TECH,Biology,Historically Underperforming,36,11.1,27.800000000000004,33.3,27.800000000000004
LENAPE TECH,Literature,All Students,16,0.0,0.0,43.8,56.3
LENAPE TECH,Literature,Historically Underperforming,15,0.0,0.0,40.0,60.0
ALIQUIPPA SD,Algebra I,All Students,21,0.0,19.0,52.400000000000006,28.6
ALIQUIPPA SD,Algebra I,Historically Underperforming,21,0.0,19.0,52.400000000000006,28.6
ALIQUIPPA SD,Biology,All Students,54,0.0,3.7000000000000006,38.9,57.4
ALIQUIPPA SD,Biology,Historically Underperforming,54,0.0,3.7000000000000006,38.9,57.4
ALIQUIPPA SD,Literature,All Students,3,NULL,NULL,NULL,NULL
ALIQUIPPA SD,Literature,Historically Underperforming,3,NULL,NULL,NULL,NULL
AMBRIDGE AREA SD,Algebra I,All Students,122,10.7,30.3,44.3,14.800000000000002
AMBRIDGE AREA SD,Algebra I,Historically Underperforming,67,4.5,26.899999999999995,47.79999999999999,20.9
AMBRIDGE AREA SD,Biology,All Students,113,10.6,34.5,36.3,18.6
AMBRIDGE AREA SD,Biology,Historically Underperforming,59,8.5,28.800000000000004,33.9,28.800000000000004
AMBRIDGE AREA SD,Literature,All Students,3,NULL,NULL,NULL,NULL
AMBRIDGE AREA SD,Literature,Historically Underperforming,2,NULL,NULL,NULL,NULL
BEAVER AREA SD,Algebra I,All Students,173,26.6,46.8,22.500000000000004,4.0
BEAVER AREA SD,Algebra I,Historically Underperforming,46,21.7,23.9,43.50000000000001,10.9
BEAVER AREA SD,Biology,All Students,168,43.5,32.1,17.3,7.1
BEAVER AREA SD,Biology,Historically Underperforming,45,20.0,33.3,26.700000000000003,20.0
BEAVER AREA SD,Literature,All Students,1,NULL,NULL,NULL,NULL
BEAVER AREA SD,Literature,Historically Underperforming,1,NULL,NULL,NULL,NULL
BEAVER COUNTY CTC,Algebra I,All Students,1,NULL,NULL,NULL,NULL
BEAVER COUNTY CTC,Algebra I,Historically Underperforming,1,NULL,NULL,NULL,NULL
BEAVER COUNTY CTC,Biology,All Students,1,NULL,NULL,NULL,NULL
BEAVER COUNTY CTC,Biology,Historically Underperforming,1,NULL,NULL,NULL,NULL
BEAVER COUNTY CTC,Literature,All Students,1,NULL,NULL,NULL,NULL
BEAVER COUNTY CTC,Literature,Historically Underperforming,1,NULL,NULL,NULL,NULL
BIG BEAVER FALLS AREA SD,Algebra I,All Students,96,7.3,27.1,45.8,19.800000000000004
BIG BEAVER FALLS AREA SD,Algebra I,Historically Underperforming,75,5.3,22.7,48.0,24.0
BIG BEAVER FALLS AREA SD,Biology,All Students,57,8.800000000000002,50.9,24.6,15.8
BIG BEAVER FALLS AREA SD,Biology,Historically Underperforming,41,9.799999999999999,43.89999999999999,29.299999999999997,17.1
BIG BEAVER FALLS AREA SD,Literature,All Students,2,NULL,NULL,NULL,NULL
BIG BEAVER FALLS AREA SD,Literature,Historically Underperforming,2,NULL,NULL,NULL,NULL
BLACKHAWK SD,Algebra I,All Students,124,31.5,50.8,16.9,0.8
BLACKHAWK SD,Algebra I,Historically Underperforming,18,11.1,61.1,27.800000000000004,0.0
BLACKHAWK SD,Biology,All Students,160,35.0,41.89999999999999,15.6,7.5
BLACKHAWK SD,Biology,Historically Underperforming,38,23.700000000000003,31.6,26.3,18.4
BLACKHAWK SD,Literature,All Students,2,NULL,NULL,NULL,NULL
CENTRAL VALLEY SD,Algebra I,All Students,135,52.6,33.3,12.6,1.5
CENTRAL VALLEY SD,Algebra I,Historically Underperforming,26,23.1,34.6,34.6,7.699999999999998
CENTRAL VALLEY SD,Biology,All Students,154,39.6,42.9,10.4,7.1
CENTRAL VALLEY SD,Biology,Historically Underperforming,44,11.4,38.60000000000001,25.0,25.0
FREEDOM AREA SD,Algebra I,All Students,82,7.3,30.5,41.5,20.7
FREEDOM AREA SD,Algebra I,Historically Underperforming,32,3.1,18.8,37.5,40.6
FREEDOM AREA SD,Biology,All Students,45,17.800000000000004,53.29999999999999,17.800000000000004,11.1
FREEDOM AREA SD,Biology,Historically Underperforming,11,18.199999999999996,45.5,9.099999999999998,27.3
FREEDOM AREA SD,Literature,All Students,6,NULL,NULL,NULL,NULL
FREEDOM AREA SD,Literature,Historically Underperforming,5,NULL,NULL,NULL,NULL
HOPEWELL AREA SD,Algebra I,All Students,112,10.7,54.50000000000001,31.3,3.5999999999999996
HOPEWELL AREA SD,Algebra I,Historically Underperforming,30,13.3,50.0,33.3,3.3000000000000003
HOPEWELL AREA SD,Biology,All Students,136,10.3,46.3,40.4,2.9
HOPEWELL AREA SD,Biology,Historically Underperforming,45,8.900000000000002,40.0,42.2,8.900000000000002
HOPEWELL AREA SD,Literature,All Students,2,NULL,NULL,NULL,NULL
HOPEWELL AREA SD,Literature,Historically Underperforming,1,NULL,NULL,NULL,NULL
LINCOLN PARK PERFORMING ARTS CS,Algebra I,All Students,145,27.6,28.999999999999996,34.5,9.0
LINCOLN PARK PERFORMING ARTS CS,Algebra I,Historically Underperforming,30,10.0,23.3,46.7,20.0
LINCOLN PARK PERFORMING ARTS CS,Biology,All Students,93,32.3,39.8,23.700000000000003,4.3
LINCOLN PARK PERFORMING ARTS CS,Biology,Historically Underperforming,14,21.4,35.7,21.4,21.4
LINCOLN PARK PERFORMING ARTS CS,Literature,All Students,1,NULL,NULL,NULL,NULL
NEW BRIGHTON AREA SD,Algebra I,All Students,76,10.5,39.5,43.4,6.6000000000000005
NEW BRIGHTON AREA SD,Algebra I,Historically Underperforming,44,6.800000000000001,31.8,54.50000000000001,6.800000000000001
NEW BRIGHTON AREA SD,Biology,All Students,54,29.600000000000005,51.9,16.7,1.9
NEW BRIGHTON AREA SD,Biology,Historically Underperforming,28,17.9,57.10000000000001,21.4,3.5999999999999996
NEW BRIGHTON AREA SD,Literature,All Students,1,NULL,NULL,NULL,NULL
NEW BRIGHTON AREA SD,Literature,Historically Underperforming,1,NULL,NULL,NULL,NULL
PENNSYLVANIA CYBER CS,Algebra I,All Students,665,12.5,26.200000000000003,42.00000000000001,19.4
PENNSYLVANIA CYBER CS,Algebra I,Historically Underperforming,232,9.9,21.1,37.9,31.0
PENNSYLVANIA CYBER CS,Biology,All Students,608,12.7,27.0,30.599999999999998,29.799999999999997
PENNSYLVANIA CYBER CS,Biology,Historically Underperforming,221,7.200000000000001,21.3,28.999999999999993,42.5
PENNSYLVANIA CYBER CS,Literature,All Students,198,3.0,32.3,42.9,21.7
PENNSYLVANIA CYBER CS,Literature,Historically Underperforming,70,1.4,28.6,37.1,32.9
RIVERSIDE BEAVER COUNTY SD,Algebra I,All Students,99,24.2,27.3,39.39999999999999,9.1
RIVERSIDE BEAVER COUNTY SD,Algebra I,Historically Underperforming,38,5.299999999999999,15.8,60.5,18.4
RIVERSIDE BEAVER COUNTY SD,Biology,All Students,5,NULL,NULL,NULL,NULL
RIVERSIDE BEAVER COUNTY SD,Biology,Historically Underperforming,2,NULL,NULL,NULL,NULL
RIVERSIDE BEAVER COUNTY SD,Literature,All Students,1,NULL,NULL,NULL,NULL
RIVERSIDE BEAVER COUNTY SD,Literature,Historically Underperforming,1,NULL,NULL,NULL,NULL
ROCHESTER AREA SD,Algebra I,All Students,41,0.0,31.7,46.29999999999999,22.0
ROCHESTER AREA SD,Algebra I,Historically Underperforming,30,0.0,20.0,53.29999999999999,26.700000000000003
ROCHESTER AREA SD,Biology,All Students,43,9.3,30.2,41.9,18.6
ROCHESTER AREA SD,Biology,Historically Underperforming,32,6.3,21.9,46.9,25.0
ROCHESTER AREA SD,Literature,All Students,2,NULL,NULL,NULL,NULL
ROCHESTER AREA SD,Literature,Historically Underperforming,2,NULL,NULL,NULL,NULL
SOUTH SIDE AREA SD,Algebra I,All Students,73,19.2,28.800000000000004,47.9,4.1
SOUTH SIDE AREA SD,Algebra I,Historically Underperforming,25,4.0,24.0,64.0,8.0
SOUTH SIDE AREA SD,Biology,All Students,56,25.0,42.9,14.3,17.9
SOUTH SIDE AREA SD,Biology,Historically Underperforming,19,10.5,26.3,15.8,47.400000000000006
SOUTH SIDE AREA SD,Literature,All Students,19,0.0,10.5,68.4,21.1
SOUTH SIDE AREA SD,Literature,Historically Underperforming,9,NULL,NULL,NULL,NULL
WESTERN BEAVER COUNTY SD,Algebra I,All Students,37,40.5,40.5,18.9,0.0
WESTERN BEAVER COUNTY SD,Algebra I,Historically Underperforming,12,25.0,25.0,50.0,0.0
WESTERN BEAVER COUNTY SD,Biology,All Students,36,36.1,55.60000000000001,8.3,0.0
WESTERN BEAVER COUNTY SD,Biology,Historically Underperforming,10,NULL,NULL,NULL,NULL
WESTERN BEAVER COUNTY SD,Literature,All Students,3,NULL,NULL,NULL,NULL
WESTERN BEAVER COUNTY SD,Literature,Historically Underperforming,1,NULL,NULL,NULL,NULL
BEDFORD AREA SD,Algebra I,All Students,125,27.200000000000003,41.6,23.2,8.0
BEDFORD AREA SD,Algebra I,Historically Underperforming,55,12.7,41.8,30.9,14.499999999999998
BEDFORD AREA SD,Biology,All Students,3,NULL,NULL,NULL,NULL
BEDFORD AREA SD,Biology,Historically Underperforming,2,NULL,NULL,NULL,NULL
BEDFORD AREA SD,Literature,All Students,2,NULL,NULL,NULL,NULL
BEDFORD AREA SD,Literature,Historically Underperforming,2,NULL,NULL,NULL,NULL
BEDFORD COUNTY TECHNICAL CENTER,Algebra I,All Students,1,NULL,NULL,NULL,NULL
CHESTNUT RIDGE SD,Algebra I,All Students,70,25.7,55.7,18.6,0.0
CHESTNUT RIDGE SD,Algebra I,Historically Underperforming,28,3.5999999999999996,71.4,25.0,0.0
CHESTNUT RIDGE SD,Biology,All Students,17,58.8,17.6,11.8,11.8
CHESTNUT RIDGE SD,Biology,Historically Underperforming,7,NULL,NULL,NULL,NULL
CHESTNUT RIDGE SD,Literature,All Students,9,NULL,NULL,NULL,NULL
CHESTNUT RIDGE SD,Literature,Historically Underperforming,2,NULL,NULL,NULL,NULL
EVERETT AREA SD,Algebra I,All Students,80,18.8,57.49999999999999,18.8,5.0
EVERETT AREA SD,Algebra I,Historically Underperforming,44,22.7,52.300000000000004,15.9,9.099999999999998
EVERETT AREA SD,Biology,All Students,4,NULL,NULL,NULL,NULL
EVERETT AREA SD,Biology,Historically Underperforming,2,NULL,NULL,NULL,NULL
EVERETT AREA SD,Literature,All Students,3,NULL,NULL,NULL,NULL
EVERETT AREA SD,Literature,Historically Underperforming,1,NULL,NULL,NULL,NULL
HOPE FOR HYNDMAN CS,Algebra I,All Students,12,0.0,41.7,41.7,16.699999999999996
HOPE FOR HYNDMAN CS,Algebra I,Historically Underperforming,12,0.0,41.7,41.7,16.699999999999996
NORTHERN BEDFORD COUNTY SD,Algebra I,All Students,50,24.0,68.0,8.0,0.0
NORTHERN BEDFORD COUNTY SD,Algebra I,Historically Underperforming,10,NULL,NULL,NULL,NULL
NORTHERN BEDFORD COUNTY SD,Biology,All Students,32,53.1,46.9,0.0,0.0
NORTHERN BEDFORD COUNTY SD,Biology,Historically Underperforming,6,NULL,NULL,NULL,NULL
TUSSEY MOUNTAIN SD,Algebra I,All Students,46,23.9,39.1,30.4,6.5
TUSSEY MOUNTAIN SD,Algebra I,Historically Underperforming,26,15.399999999999997,38.5,34.6,11.5
TUSSEY MOUNTAIN SD,Biology,All Students,25,24.0,44.0,16.0,16.0
TUSSEY MOUNTAIN SD,Biology,Historically Underperforming,13,30.799999999999994,15.399999999999997,23.1,30.799999999999994
TUSSEY MOUNTAIN SD,Literature,All Students,3,NULL,NULL,NULL,NULL
TUSSEY MOUNTAIN SD,Literature,Historically Underperforming,3,NULL,NULL,NULL,NULL
ANTIETAM SD,Algebra I,All Students,64,15.6,17.2,45.3,21.9
ANTIETAM SD,Algebra I,Historically Underperforming,21,4.8,4.8,38.099999999999994,52.400000000000006
ANTIETAM SD,Biology,All Students,65,13.8,32.3,38.5,15.4
ANTIETAM SD,Biology,Historically Underperforming,25,0.0,12.0,60.0,28.000000000000004
ANTIETAM SD,Literature,All Students,3,NULL,NULL,NULL,NULL
ANTIETAM SD,Literature,Historically Underperforming,1,NULL,NULL,NULL,NULL
BERKS CTC,Algebra I,All Students,3,NULL,NULL,NULL,NULL
BERKS CTC,Algebra I,Historically Underperforming,2,NULL,NULL,NULL,NULL
BERKS CTC,Biology,All Students,1,NULL,NULL,NULL,NULL
BERKS CTC,Literature,All Students,1,NULL,NULL,NULL,NULL
BOYERTOWN AREA SD,Algebra I,All Students,469,35.6,38.2,22.8,3.4000000000000004
BOYERTOWN AREA SD,Algebra I,Historically Underperforming,151,17.9,34.4,38.4,9.3
BOYERTOWN AREA SD,Biology,All Students,463,39.5,39.3,17.7,3.5000000000000004
BOYERTOWN AREA SD,Biology,Historically Underperforming,153,20.3,41.8,28.1,9.8
BOYERTOWN AREA SD,Literature,All Students,11,9.099999999999998,27.3,27.3,36.39999999999999
BOYERTOWN AREA SD,Literature,Historically Underperforming,9,NULL,NULL,NULL,NULL
BRANDYWINE HEIGHTS AREA SD,Algebra I,All Students,97,14.400000000000002,28.9,38.1,18.6
BRANDYWINE HEIGHTS AREA SD,Algebra I,Historically Underperforming,30,3.3000000000000003,16.7,50.0,30.0
BRANDYWINE HEIGHTS AREA SD,Biology,All Students,6,NULL,NULL,NULL,NULL
BRANDYWINE HEIGHTS AREA SD,Biology,Historically Underperforming,2,NULL,NULL,NULL,NULL
BRANDYWINE HEIGHTS AREA SD,Literature,All Students,12,0.0,0.0,25.0,75.0
