BERMUDIAN SPRINGS SD,Algebra I,All Students,139,27.3,45.3,21.6,5.8,2019
BERMUDIAN SPRINGS SD,Algebra I,Historically Underperforming,47,14.9,29.8,38.3,17,2019
BERMUDIAN SPRINGS SD,Biology,All Students,139,25.9,38.1,23.7,12.2,2019
BERMUDIAN SPRINGS SD,Biology,Historically Underperforming,48,14.6,25,33.3,27.1,2019
BERMUDIAN SPRINGS SD,Literature,All Students,139,7.2,71.2,16.5,5,2019
BERMUDIAN SPRINGS SD,Literature,Historically Underperforming,48,2.1,52.1,33.3,12.5,2019
CONEWAGO VALLEY SD,Algebra I,All Students,270,28.5,43.7,23.3,4.4,2019
CONEWAGO VALLEY SD,Algebra I,Historically Underperforming,92,12,42.4,32.6,13,2019
CONEWAGO VALLEY SD,Biology,All Students,264,31.1,40.5,18.6,9.8,2019
CONEWAGO VALLEY SD,Biology,Historically Underperforming,90,8.9,47.8,23.3,20,2019
CONEWAGO VALLEY SD,Literature,All Students,264,7.6,62.5,23.5,6.4,2019
CONEWAGO VALLEY SD,Literature,Historically Underperforming,91,2.2,45.1,40.7,12.1,2019
FAIRFIELD AREA SD,Algebra I,All Students,76,18.4,53.9,26.3,1.3,2019
FAIRFIELD AREA SD,Algebra I,Historically Underperforming,16,18.8,37.5,37.5,6.3,2019
FAIRFIELD AREA SD,Biology,All Students,76,19.7,52.6,19.7,7.9,2019
FAIRFIELD AREA SD,Biology,Historically Underperforming,16,18.8,37.5,18.8,25,2019
FAIRFIELD AREA SD,Literature,All Students,76,10.5,63.2,23.7,2.6,2019
FAIRFIELD AREA SD,Literature,Historically Underperforming,16,6.3,43.8,37.5,12.5,2019
GETTYSBURG AREA SD,Algebra I,All Students,197,41.1,33.5,18.8,6.6,2019
GETTYSBURG AREA SD,Algebra I,Historically Underperforming,84,15.5,40.5,28.6,15.5,2019
GETTYSBURG AREA SD,Biology,All Students,195,35.4,38.5,19,7.2,2019
GETTYSBURG AREA SD,Biology,Historically Underperforming,81,13.6,38.3,30.9,17.3,2019
GETTYSBURG AREA SD,Literature,All Students,194,21.6,63.9,10.3,4.1,2019
GETTYSBURG AREA SD,Literature,Historically Underperforming,77,13,58.4,18.2,10.4,2019
LITTLESTOWN AREA SD,Algebra I,All Students,144,29.2,51.4,16.7,2.8,2019
LITTLESTOWN AREA SD,Algebra I,Historically Underperforming,121,32.2,49.6,15.7,2.5,2019
LITTLESTOWN AREA SD,Biology,All Students,144,39.6,43.1,12.5,4.9,2019
LITTLESTOWN AREA SD,Biology,Historically Underperforming,121,43.8,38.8,12.4,5,2019
LITTLESTOWN AREA SD,Literature,All Students,145,9.7,73.1,11,6.2,2019
LITTLESTOWN AREA SD,Literature,Historically Underperforming,122,9.8,71.3,13.1,5.7,2019
UPPER ADAMS SD,Algebra I,All Students,133,27.1,41.4,28.6,3,2019
UPPER ADAMS SD,Algebra I,Historically Underperforming,57,10.5,36.8,45.6,7,2019
UPPER ADAMS SD,Biology,All Students,132,45.5,31.8,19.7,3,2019
UPPER ADAMS SD,Biology,Historically Underperforming,56,32.1,28.6,33.9,5.4,2019
UPPER ADAMS SD,Literature,All Students,133,9.8,67.7,18,4.5,2019
UPPER ADAMS SD,Literature,Historically Underperforming,57,3.5,54.4,31.6,10.5,2019
A W BEATTIE CAREER CENTER,Algebra I,All Students,6,,,,,2019
A W BEATTIE CAREER CENTER,Algebra I,Historically Underperforming,4,,,,,2019
A W BEATTIE CAREER CENTER,Biology,All Students,5,,,,,2019
A W BEATTIE CAREER CENTER,Biology,Historically Underperforming,4,,,,,2019
A W BEATTIE CAREER CENTER,Literature,All Students,6,,,,,2019
A W BEATTIE CAREER CENTER,Literature,Historically Underperforming,5,,,,,2019
ALLEGHENY VALLEY SD,Algebra I,All Students,56,8.9,58.9,26.8,5.4,2019
ALLEGHENY VALLEY SD,Algebra I,Historically Underperforming,30,3.3,53.3,33.3,10,2019
ALLEGHENY VALLEY SD,Biology,All Students,53,22.6,49.1,17,11.3,2019
ALLEGHENY VALLEY SD,Biology,Historically Underperforming,27,14.8,51.9,22.2,11.1,2019
ALLEGHENY VALLEY SD,Literature,All Students,55,10.9,69.1,18.2,1.8,2019
ALLEGHENY VALLEY SD,Literature,Historically Underperforming,29,13.8,58.6,24.1,3.4,2019
AVONWORTH SD,Algebra I,All Students,106,34.9,33,25.5,6.6,2019
AVONWORTH SD,Algebra I,Historically Underperforming,24,16.7,25,37.5,20.8,2019
AVONWORTH SD,Biology,All Students,113,23.9,38.1,24.8,13.3,2019
AVONWORTH SD,Biology,Historically Underperforming,26,0,26.9,38.5,34.6,2019
AVONWORTH SD,Literature,All Students,116,19,67.2,12.1,1.7,2019
AVONWORTH SD,Literature,Historically Underperforming,26,3.8,61.5,26.9,7.7,2019
BALDWIN-WHITEHALL SD,Algebra I,All Students,358,16.5,51.4,23.7,8.4,2019
BALDWIN-WHITEHALL SD,Algebra I,Historically Underperforming,142,9.2,37.3,38,15.5,2019
BALDWIN-WHITEHALL SD,Biology,All Students,360,28.9,43.3,19.7,8.1,2019
BALDWIN-WHITEHALL SD,Biology,Historically Underperforming,145,11.7,38.6,31.7,17.9,2019
BALDWIN-WHITEHALL SD,Literature,All Students,354,14.1,64.4,15.5,5.9,2019
BALDWIN-WHITEHALL SD,Literature,Historically Underperforming,138,4.3,54.3,26.8,14.5,2019
BETHEL PARK SD,Algebra I,All Students,329,27.7,52.9,16.7,2.7,2019
BETHEL PARK SD,Algebra I,Historically Underperforming,67,16.4,34.3,37.3,11.9,2019
BETHEL PARK SD,Biology,All Students,329,42.6,36.5,15.5,5.5,2019
BETHEL PARK SD,Biology,Historically Underperforming,68,22.1,35.3,26.5,16.2,2019
BETHEL PARK SD,Literature,All Students,329,16.7,71.7,9.1,2.4,2019
BETHEL PARK SD,Literature,Historically Underperforming,68,10.3,58.8,22.1,8.8,2019
BRENTWOOD BOROUGH SD,Algebra I,All Students,86,15.1,37.2,34.9,12.8,2019
BRENTWOOD BOROUGH SD,Algebra I,Historically Underperforming,51,3.9,29.4,47.1,19.6,2019
BRENTWOOD BOROUGH SD,Biology,All Students,86,18.6,32.6,29.1,19.8,2019
BRENTWOOD BOROUGH SD,Biology,Historically Underperforming,51,7.8,27.5,37.3,27.5,2019
BRENTWOOD BOROUGH SD,Literature,All Students,86,11.6,48.8,24.4,15.1,2019
BRENTWOOD BOROUGH SD,Literature,Historically Underperforming,51,3.9,41.2,33.3,21.6,2019
CARLYNTON SD,Algebra I,All Students,97,15.5,49.5,26.8,8.2,2019
CARLYNTON SD,Algebra I,Historically Underperforming,52,11.5,38.5,36.5,13.5,2019
CARLYNTON SD,Biology,All Students,97,26.8,53.6,13.4,6.2,2019
CARLYNTON SD,Biology,Historically Underperforming,52,21.2,46.2,21.2,11.5,2019
CARLYNTON SD,Literature,All Students,96,24,51,17.7,7.3,2019
CARLYNTON SD,Literature,Historically Underperforming,51,13.7,47.1,25.5,13.7,2019
CHARTIERS VALLEY SD,Algebra I,All Students,247,15.4,59.1,19.4,6.1,2019
CHARTIERS VALLEY SD,Algebra I,Historically Underperforming,80,12.5,47.5,26.3,13.8,2019
CHARTIERS VALLEY SD,Biology,All Students,248,33.5,50.8,11.7,4,2019
CHARTIERS VALLEY SD,Biology,Historically Underperforming,81,23.5,48.1,18.5,9.9,2019
CHARTIERS VALLEY SD,Literature,All Students,246,11,70.7,13,5.3,2019
CHARTIERS VALLEY SD,Literature,Historically Underperforming,82,6.1,61,20.7,12.2,2019
CITY CHS,Algebra I,All Students,122,9.8,30.3,41.8,18,2019
CITY CHS,Algebra I,Historically Underperforming,85,4.7,22.4,50.6,22.4,2019
CITY CHS,Biology,All Students,122,22.1,23,33.6,21.3,2019
CITY CHS,Biology,Historically Underperforming,85,10.6,22.4,40,27.1,2019
CITY CHS,Literature,All Students,123,7.3,59.3,22.8,10.6,2019
CITY CHS,Literature,Historically Underperforming,87,4.6,55.2,25.3,14.9,2019
CLAIRTON CITY SD,Algebra I,All Students,37,8.1,43.2,35.1,13.5,2019
CLAIRTON CITY SD,Algebra I,Historically Underperforming,33,6.1,45.5,33.3,15.2,2019
CLAIRTON CITY SD,Biology,All Students,35,5.7,37.1,22.9,34.3,2019
CLAIRTON CITY SD,Biology,Historically Underperforming,31,6.5,32.3,25.8,35.5,2019
CLAIRTON CITY SD,Literature,All Students,36,2.8,50,25,22.2,2019
CLAIRTON CITY SD,Literature,Historically Underperforming,32,3.1,46.9,25,25,2019
CORNELL SD,Algebra I,All Students,46,4.3,28.3,39.1,28.3,2019
CORNELL SD,Algebra I,Historically Underperforming,41,4.9,24.4,39,31.7,2019
CORNELL SD,Biology,All Students,46,10.9,39.1,28.3,21.7,2019
CORNELL SD,Biology,Historically Underperforming,41,7.3,39,29.3,24.4,2019
CORNELL SD,Literature,All Students,46,4.3,45.7,37,13,2019
CORNELL SD,Literature,Historically Underperforming,41,2.4,41.5,41.5,14.6,2019
DEER LAKES SD,Algebra I,All Students,112,29.5,40.2,22.3,8,2019
DEER LAKES SD,Algebra I,Historically Underperforming,41,19.5,36.6,26.8,17.1,2019
DEER LAKES SD,Biology,All Students,114,32.5,39.5,24.6,3.5,2019
DEER LAKES SD,Biology,Historically Underperforming,42,26.2,31,33.3,9.5,2019
DEER LAKES SD,Literature,All Students,112,18.8,62.5,14.3,4.5,2019
DEER LAKES SD,Literature,Historically Underperforming,40,10,55,27.5,7.5,2019
EAST ALLEGHENY SD,Algebra I,All Students,112,1.8,33,37.5,27.7,2019
EAST ALLEGHENY SD,Algebra I,Historically Underperforming,59,0,22,42.4,35.6,2019
EAST ALLEGHENY SD,Biology,All Students,115,7.8,27.8,34.8,29.6,2019
EAST ALLEGHENY SD,Biology,Historically Underperforming,62,1.6,19.4,45.2,33.9,2019
EAST ALLEGHENY SD,Literature,All Students,114,1.8,48.2,35.1,14.9,2019
EAST ALLEGHENY SD,Literature,Historically Underperforming,61,0,39.3,41,19.7,2019
ELIZABETH FORWARD SD,Algebra I,All Students,146,29.5,48.6,20.5,1.4,2019
ELIZABETH FORWARD SD,Algebra I,Historically Underperforming,48,16.7,47.9,31.3,4.2,2019
ELIZABETH FORWARD SD,Biology,All Students,152,31.6,49.3,14.5,4.6,2019
ELIZABETH FORWARD SD,Biology,Historically Underperforming,56,19.6,42.9,26.8,10.7,2019
ELIZABETH FORWARD SD,Literature,All Students,138,19.6,58.7,15.9,5.8,2019
ELIZABETH FORWARD SD,Literature,Historically Underperforming,48,8.3,47.9,29.2,14.6,2019
FORBES ROAD CTC,Algebra I,All Students,11,0,27.3,36.4,36.4,2019
FORBES ROAD CTC,Algebra I,Historically Underperforming,8,,,,,2019
FORBES ROAD CTC,Biology,All Students,11,0,27.3,18.2,54.5,2019
FORBES ROAD CTC,Biology,Historically Underperforming,8,,,,,2019
FORBES ROAD CTC,Literature,All Students,8,,,,,2019
FORBES ROAD CTC,Literature,Historically Underperforming,6,,,,,2019
FOX CHAPEL AREA SD,Algebra I,All Students,336,54.8,34.8,6.5,3.9,2019
FOX CHAPEL AREA SD,Algebra I,Historically Underperforming,109,27.5,45,16.5,11,2019
FOX CHAPEL AREA SD,Biology,All Students,335,54,36.1,6.9,3,2019
FOX CHAPEL AREA SD,Biology,Historically Underperforming,108,28.7,47.2,14.8,9.3,2019
FOX CHAPEL AREA SD,Literature,All Students,332,34.9,55.4,5.4,4.2,2019
FOX CHAPEL AREA SD,Literature,Historically Underperforming,106,11.3,62.3,13.2,13.2,2019
GATEWAY SD,Algebra I,All Students,214,21.5,51.9,21.5,5.1,2019
GATEWAY SD,Algebra I,Historically Underperforming,108,13.9,41.7,35.2,9.3,2019
GATEWAY SD,Biology,All Students,215,43.7,36.7,11.2,8.4,2019
GATEWAY SD,Biology,Historically Underperforming,109,29.4,37.6,17.4,15.6,2019
GATEWAY SD,Literature,All Students,212,12.7,71.2,10.4,5.7,2019
GATEWAY SD,Literature,Historically Underperforming,106,8.5,62.3,17.9,11.3,2019
HAMPTON TOWNSHIP SD,Algebra I,All Students,231,51.5,39.8,7.8,0.9,2019
HAMPTON TOWNSHIP SD,Algebra I,Historically Underperforming,39,35.9,35.9,23.1,5.1,2019
HAMPTON TOWNSHIP SD,Biology,All Students,231,53.7,34.2,10.8,1.3,2019
HAMPTON TOWNSHIP SD,Biology,Historically Underperforming,39,33.3,30.8,28.2,7.7,2019
HAMPTON TOWNSHIP SD,Literature,All Students,231,45,48.5,5.6,0.9,2019
HAMPTON TOWNSHIP SD,Literature,Historically Underperforming,39,23.1,48.7,23.1,5.1,2019
HIGHLANDS SD,Algebra I,All Students,145,9.7,51,34.5,4.8,2019
HIGHLANDS SD,Algebra I,Historically Underperforming,69,5.8,39.1,44.9,10.1,2019
HIGHLANDS SD,Biology,All Students,142,4.2,33.8,44.4,17.6,2019
HIGHLANDS SD,Biology,Historically Underperforming,69,1.4,24.6,43.5,30.4,2019
HIGHLANDS SD,Literature,All Students,144,4.9,69.4,21.5,4.2,2019
HIGHLANDS SD,Literature,Historically Underperforming,69,0,60.9,30.4,8.7,2019
HILL HOUSE PASSPORT ACADEMY CHARTER SCHOOL,Algebra I,All Students,39,0,2.6,33.3,64.1,2019
HILL HOUSE PASSPORT ACADEMY CHARTER SCHOOL,Algebra I,Historically Underperforming,33,0,3,36.4,60.6,2019
HILL HOUSE PASSPORT ACADEMY CHARTER SCHOOL,Biology,All Students,35,0,2.9,11.4,85.7,2019
HILL HOUSE PASSPORT ACADEMY CHARTER SCHOOL,Biology,Historically Underperforming,29,0,3.4,13.8,82.8,2019
HILL HOUSE PASSPORT ACADEMY CHARTER SCHOOL,Literature,All Students,34,0,8.8,32.4,58.8,2019
HILL HOUSE PASSPORT ACADEMY CHARTER SCHOOL,Literature,Historically Underperforming,27,0,7.4,29.6,63,2019
KEYSTONE OAKS SD,Algebra I,All Students,138,23.2,57.2,15.9,3.6,2019
KEYSTONE OAKS SD,Algebra I,Historically Underperforming,51,11.8,43.1,37.3,7.8,2019
KEYSTONE OAKS SD,Biology,All Students,140,12.1,39.3,37.1,11.4,2019
KEYSTONE OAKS SD,Biology,Historically Underperforming,52,5.8,26.9,46.2,21.2,2019
KEYSTONE OAKS SD,Literature,All Students,138,8,65.2,21.7,5.1,2019
KEYSTONE OAKS SD,Literature,Historically Underperforming,50,2,56,28,14,2019
MCKEESPORT AREA SD,Algebra I,All Students,211,6.2,21.8,36,36,2019
MCKEESPORT AREA SD,Algebra I,Historically Underperforming,131,1.5,18.3,34.4,45.8,2019
MCKEESPORT AREA SD,Biology,All Students,206,9.2,23.8,23.3,43.7,2019
MCKEESPORT AREA SD,Biology,Historically Underperforming,125,3.2,20,19.2,57.6,2019
MCKEESPORT AREA SD,Literature,All Students,215,4.2,45.1,32.6,18.1,2019
MCKEESPORT AREA SD,Literature,Historically Underperforming,135,0.7,34.1,38.5,26.7,2019
MCKEESPORT AREA TECH CTR,Algebra I,All Students,6,,,,,2019
MCKEESPORT AREA TECH CTR,Algebra I,Historically Underperforming,4,,,,,2019
MCKEESPORT AREA TECH CTR,Biology,All Students,6,,,,,2019
MCKEESPORT AREA TECH CTR,Biology,Historically Underperforming,4,,,,,2019
MCKEESPORT AREA TECH CTR,Literature,All Students,6,,,,,2019
MCKEESPORT AREA TECH CTR,Literature,Historically Underperforming,4,,,,,2019
MONTOUR SD,Algebra I,All Students,237,24.5,48.5,20.7,6.3,2019
MONTOUR SD,Algebra I,Historically Underperforming,79,13.9,36.7,31.6,17.7,2019
MONTOUR SD,Biology,All Students,238,29.8,38.7,23.1,8.4,2019
MONTOUR SD,Biology,Historically Underperforming,81,16,27.2,42,14.8,2019
MONTOUR SD,Literature,All Students,240,15.8,70.8,10,3.3,2019
MONTOUR SD,Literature,Historically Underperforming,82,11,59.8,20.7,8.5,2019
MOON AREA SD,Algebra I,All Students,267,30.7,52.1,14.2,3,2019
MOON AREA SD,Algebra I,Historically Underperforming,61,13.1,37.7,36.1,13.1,2019
MOON AREA SD,Biology,All Students,265,45.7,37.7,10.2,6.4,2019
MOON AREA SD,Biology,Historically Underperforming,60,18.3,41.7,13.3,26.7,2019
MOON AREA SD,Literature,All Students,266,23.3,65.8,7.1,3.8,2019
MOON AREA SD,Literature,Historically Underperforming,61,6.6,55.7,21.3,16.4,2019
MT LEBANON SD,Algebra I,All Students,422,45.7,44.5,8.8,0.9,2019
MT LEBANON SD,Algebra I,Historically Underperforming,95,22.1,44.2,29.5,4.2,2019
MT LEBANON SD,Biology,All Students,418,52.9,37.1,6.9,3.1,2019
MT LEBANON SD,Biology,Historically Underperforming,94,27.7,39.4,22.3,10.6,2019
MT LEBANON SD,Literature,All Students,421,32.5,61,5.2,1.2,2019
MT LEBANON SD,Literature,Historically Underperforming,94,12.8,64.9,18.1,4.3,2019
NORTH ALLEGHENY SD,Algebra I,All Students,639,47.7,37.9,11.6,2.8,2019
NORTH ALLEGHENY SD,Algebra I,Historically Underperforming,98,19.4,33.7,30.6,16.3,2019
NORTH ALLEGHENY SD,Biology,All Students,636,50.3,33.5,10.5,5.7,2019
NORTH ALLEGHENY SD,Biology,Historically Underperforming,95,17.9,32.6,20,29.5,2019
NORTH ALLEGHENY SD,Literature,All Students,635,35.4,56.2,6.3,2,2019
NORTH ALLEGHENY SD,Literature,Historically Underperforming,95,15.8,47.4,24.2,12.6,2019
NORTH HILLS SD,Algebra I,All Students,268,41,39.6,16.8,2.6,2019
NORTH HILLS SD,Algebra I,Historically Underperforming,74,23,36.5,32.4,8.1,2019
NORTH HILLS SD,Biology,All Students,269,34.9,39.8,20.1,5.2,2019
NORTH HILLS SD,Biology,Historically Underperforming,76,15.8,38.2,31.6,14.5,2019
NORTH HILLS SD,Literature,All Students,268,22.8,61.6,10.1,5.6,2019
NORTH HILLS SD,Literature,Historically Underperforming,76,9.2,53.9,19.7,17.1,2019
NORTHGATE SD,Algebra I,All Students,63,12.7,33.3,44.4,9.5,2019
NORTHGATE SD,Algebra I,Historically Underperforming,30,6.7,26.7,50,16.7,2019
NORTHGATE SD,Biology,All Students,64,12.5,50,32.8,4.7,2019
NORTHGATE SD,Biology,Historically Underperforming,31,6.5,41.9,41.9,9.7,2019
NORTHGATE SD,Literature,All Students,63,14.3,54,23.8,7.9,2019
NORTHGATE SD,Literature,Historically Underperforming,31,3.2,41.9,38.7,16.1,2019
PARKWAY WEST CTC,Algebra I,All Students,3,,,,,2019
PARKWAY WEST CTC,Algebra I,Historically Underperforming,2,,,,,2019
PARKWAY WEST CTC,Biology,All Students,3,,,,,2019
PARKWAY WEST CTC,Biology,Historically Underperforming,2,,,,,2019
PARKWAY WEST CTC,Literature,All Students,3,,,,,2019
PARKWAY WEST CTC,Literature,Historically Underperforming,2,,,,,2019
PENN HILLS SD,Algebra I,All Students,256,3.9,24.2,41.8,30.1,2019
PENN HILLS SD,Algebra I,Historically Underperforming,166,3,16.9,39.2,41,2019
PENN HILLS SD,Biology,All Students,256,8.2,30.5,25,36.3,2019
PENN HILLS SD,Biology,Historically Underperforming,162,4.3,21,27.8,46.9,2019
PENN HILLS SD,Literature,All Students,277,1.1,45.5,33.2,20.2,2019
PENN HILLS SD,Literature,Historically Underperforming,178,0.6,33.7,38.2,27.5,2019
PENNSYLVANIA DISTANCE LEARNING CS,Algebra I,All Students,64,6.3,18.8,43.8,31.3,2019
PENNSYLVANIA DISTANCE LEARNING CS,Algebra I,Historically Underperforming,24,0,16.7,37.5,45.8,2019
PENNSYLVANIA DISTANCE LEARNING CS,Biology,All Students,63,1.6,22.2,39.7,36.5,2019
PENNSYLVANIA DISTANCE LEARNING CS,Biology,Historically Underperforming,24,0,25,29.2,45.8,2019
PENNSYLVANIA DISTANCE LEARNING CS,Literature,All Students,63,3.2,44.4,30.2,22.2,2019
PENNSYLVANIA DISTANCE LEARNING CS,Literature,Historically Underperforming,24,0,41.7,25,33.3,2019
PINE-RICHLAND SD,Algebra I,All Students,343,41.7,49,7.9,1.5,2019
PINE-RICHLAND SD,Algebra I,Historically Underperforming,59,22,39,30.5,8.5,2019
PINE-RICHLAND SD,Biology,All Students,341,34.9,49.6,12,3.5,2019
PINE-RICHLAND SD,Biology,Historically Underperforming,58,22.4,32.8,25.9,19,2019
PINE-RICHLAND SD,Literature,All Students,342,18.7,73.4,6.7,1.2,2019
PINE-RICHLAND SD,Literature,Historically Underperforming,59,6.8,61,27.1,5.1,2019
PITTSBURGH SD,Algebra I,All Students,106,0,17.9,47.2,34.9,2019
PITTSBURGH SD,Algebra I,Historically Underperforming,100,0,16,48,36,2019
PITTSBURGH SD,Biology,All Students,99,0,10.1,28.3,61.6,2019
PITTSBURGH SD,Biology,Historically Underperforming,93,0,7.5,30.1,62.4,2019
PITTSBURGH SD,Literature,All Students,101,0,30.7,38.6,30.7,2019
PITTSBURGH SD,Literature,Historically Underperforming,95,0,28.4,40,31.6,2019
PITTSBURGH SD,Algebra I,All Students,334,20.7,42.8,29.9,6.6,2019
PITTSBURGH SD,Algebra I,Historically Underperforming,154,7.8,37.7,41.6,13,2019
PITTSBURGH SD,Biology,All Students,337,22.3,35.3,25.5,16.9,2019
PITTSBURGH SD,Biology,Historically Underperforming,158,7,26.6,36.7,29.7,2019
PITTSBURGH SD,Literature,All Students,338,11.2,58.3,24,6.5,2019
PITTSBURGH SD,Literature,Historically Underperforming,159,4.4,44,40.3,11.3,2019
PITTSBURGH SD,Algebra I,All Students,252,5.2,27.4,40.9,26.6,2019
PITTSBURGH SD,Algebra I,Historically Underperforming,192,3.6,21.9,41.7,32.8,2019
PITTSBURGH SD,Biology,All Students,252,0,21.4,31,47.6,2019
PITTSBURGH SD,Biology,Historically Underperforming,191,0,15.2,27.2,57.6,2019
PITTSBURGH SD,Literature,All Students,248,2.4,37.5,29,31,2019
PITTSBURGH SD,Literature,Historically Underperforming,189,0.5,31.7,27.5,40.2,2019
PITTSBURGH SD,Algebra I,All Students,128,26.6,47.7,21.9,3.9,2019
PITTSBURGH SD,Algebra I,Historically Underperforming,40,22.5,37.5,32.5,7.5,2019
PITTSBURGH SD,Biology,All Students,128,28.9,40.6,24.2,6.3,2019
PITTSBURGH SD,Biology,Historically Underperforming,39,15.4,35.9,38.5,10.3,2019
PITTSBURGH SD,Literature,All Students,128,34.4,59.4,6.3,0,2019
PITTSBURGH SD,Literature,Historically Underperforming,39,17.9,74.4,7.7,0,2019
PITTSBURGH SD,Algebra I,All Students,133,14.3,36.1,33.8,15.8,2019
PITTSBURGH SD,Algebra I,Historically Underperforming,85,5.9,31.8,40,22.4,2019
PITTSBURGH SD,Biology,All Students,129,6.2,21.7,36.4,35.7,2019
PITTSBURGH SD,Biology,Historically Underperforming,83,3.6,15.7,36.1,44.6,2019
PITTSBURGH SD,Literature,All Students,133,2.3,66.9,18,12.8,2019
PITTSBURGH SD,Literature,Historically Underperforming,86,0,57,24.4,18.6,2019
PITTSBURGH SD,Algebra I,All Students,45,2.2,22.2,42.2,33.3,2019
PITTSBURGH SD,Algebra I,Historically Underperforming,39,0,15.4,48.7,35.9,2019
PITTSBURGH SD,Biology,All Students,41,0,7.3,19.5,73.2,2019
PITTSBURGH SD,Biology,Historically Underperforming,36,0,5.6,16.7,77.8,2019
PITTSBURGH SD,Literature,All Students,45,0,26.7,40,33.3,2019
PITTSBURGH SD,Literature,Historically Underperforming,39,0,23.1,41,35.9,2019
PITTSBURGH SD,Algebra I,All Students,119,13.4,54.6,29.4,2.5,2019
PITTSBURGH SD,Algebra I,Historically Underperforming,50,8,38,50,4,2019
PITTSBURGH SD,Biology,All Students,119,14.3,40.3,35.3,10.1,2019
PITTSBURGH SD,Biology,Historically Underperforming,50,4,26,58,12,2019
PITTSBURGH SD,Literature,All Students,119,14.3,66.4,18.5,0.8,2019
PITTSBURGH SD,Literature,Historically Underperforming,50,6,68,24,2,2019
PITTSBURGH SD,Algebra I,All Students,3,,,,,2019
PITTSBURGH SD,Algebra I,Historically Underperforming,3,,,,,2019
PITTSBURGH SD,Biology,All Students,3,,,,,2019
PITTSBURGH SD,Biology,Historically Underperforming,3,,,,,2019
PITTSBURGH SD,Literature,All Students,4,,,,,2019
PITTSBURGH SD,Literature,Historically Underperforming,4,,,,,2019
PITTSBURGH SD,Algebra I,All Students,16,6.3,31.3,50,12.5,2019
PITTSBURGH SD,Algebra I,Historically Underperforming,5,,,,,2019
PITTSBURGH SD,Biology,All Students,16,0,31.3,37.5,31.3,2019
PITTSBURGH SD,Biology,Historically Underperforming,5,,,,,2019
PITTSBURGH SD,Literature,All Students,16,0,62.5,31.3,6.3,2019
PITTSBURGH SD,Literature,Historically Underperforming,5,,,,,2019
PITTSBURGH SD,Algebra I,All Students,80,1.3,20,45,33.8,2019
PITTSBURGH SD,Algebra I,Historically Underperforming,70,1.4,17.1,42.9,38.6,2019
PITTSBURGH SD,Biology,All Students,76,2.6,9.2,26.3,61.8,2019
PITTSBURGH SD,Biology,Historically Underperforming,66,3,7.6,24.2,65.2,2019
PITTSBURGH SD,Literature,All Students,75,0,33.3,42.7,24,2019
PITTSBURGH SD,Literature,Historically Underperforming,64,0,31.3,42.2,26.6,2019
PITTSBURGH SD,Algebra I,All Students,86,31.4,47.7,17.4,3.5,2019
PITTSBURGH SD,Algebra I,Historically Underperforming,42,19,47.6,26.2,7.1,2019
PITTSBURGH SD,Biology,All Students,86,25.6,55.8,17.4,1.2,2019
PITTSBURGH SD,Biology,Historically Underperforming,42,11.9,57.1,28.6,2.4,2019
PITTSBURGH SD,Literature,All Students,86,3.5,79.1,15.1,2.3,2019
PITTSBURGH SD,Literature,Historically Underperforming,42,2.4,69,23.8,4.8,2019
PLUM BOROUGH SD,Algebra I,All Students,284,28.9,45.1,22.9,3.2,2019
PLUM BOROUGH SD,Algebra I,Historically Underperforming,89,14.6,37.1,40.4,7.9,2019
PLUM BOROUGH SD,Biology,All Students,287,26.5,47.4,20.6,5.6,2019
PLUM BOROUGH SD,Biology,Historically Underperforming,91,14.3,37.4,37.4,11,2019
PLUM BOROUGH SD,Literature,All Students,285,14.4,69.1,14.4,2.1,2019
PLUM BOROUGH SD,Literature,Historically Underperforming,89,5.6,55.1,32.6,6.7,2019
PROPEL CS-BRADDOCK HILLS,Algebra I,All Students,62,8.1,22.6,40.3,29,2019
PROPEL CS-BRADDOCK HILLS,Algebra I,Historically Underperforming,50,2,22,46,30,2019
PROPEL CS-BRADDOCK HILLS,Biology,All Students,60,8.3,20,31.7,40,2019
PROPEL CS-BRADDOCK HILLS,Biology,Historically Underperforming,49,4.1,20.4,32.7,42.9,2019
PROPEL CS-BRADDOCK HILLS,Literature,All Students,56,0,55.4,28.6,16.1,2019
PROPEL CS-BRADDOCK HILLS,Literature,Historically Underperforming,45,0,53.3,28.9,17.8,2019
PROPEL CS-HOMESTEAD,Algebra I,All Students,30,6.7,20,46.7,26.7,2019
PROPEL CS-HOMESTEAD,Algebra I,Historically Underperforming,23,8.7,13,43.5,34.8,2019
PROPEL CS-HOMESTEAD,Biology,All Students,30,0,36.7,13.3,50,2019
PROPEL CS-HOMESTEAD,Biology,Historically Underperforming,23,0,34.8,13,52.2,2019
PROPEL CS-HOMESTEAD,Literature,All Students,31,0,29,45.2,25.8,2019
PROPEL CS-HOMESTEAD,Literature,Historically Underperforming,24,0,25,45.8,29.2,2019
PROPEL CS-MONTOUR,Algebra I,All Students,11,18.2,18.2,45.5,18.2,2019
PROPEL CS-MONTOUR,Algebra I,Historically Underperforming,8,,,,,2019
PROPEL CS-MONTOUR,Biology,All Students,11,9.1,9.1,45.5,36.4,2019
PROPEL CS-MONTOUR,Biology,Historically Underperforming,8,,,,,2019
PROPEL CS-MONTOUR,Literature,All Students,11,9.1,27.3,36.4,27.3,2019
PROPEL CS-MONTOUR,Literature,Historically Underperforming,8,,,,,2019
QUAKER VALLEY SD,Algebra I,All Students,140,49.3,32.1,13.6,5,2019
QUAKER VALLEY SD,Algebra I,Historically Underperforming,33,27.3,21.2,33.3,18.2,2019
QUAKER VALLEY SD,Biology,All Students,139,39.6,43.9,12.2,4.3,2019
QUAKER VALLEY SD,Biology,Historically Underperforming,32,18.8,40.6,25,15.6,2019
QUAKER VALLEY SD,Literature,All Students,142,18.3,69.7,9.2,2.8,2019
QUAKER VALLEY SD,Literature,Historically Underperforming,33,6.1,57.6,27.3,9.1,2019
RIVERVIEW SD,Algebra I,All Students,84,20.2,59.5,17.9,2.4,2019
RIVERVIEW SD,Algebra I,Historically Underperforming,29,6.9,58.6,27.6,6.9,2019
RIVERVIEW SD,Biology,All Students,83,26.5,45.8,26.5,1.2,2019
RIVERVIEW SD,Biology,Historically Underperforming,28,10.7,46.4,39.3,3.6,2019
RIVERVIEW SD,Literature,All Students,85,20,69.4,9.4,1.2,2019
RIVERVIEW SD,Literature,Historically Underperforming,31,12.9,61.3,22.6,3.2,2019
SHALER AREA SD,Algebra I,All Students,317,11.7,55.8,26.5,6,2019
SHALER AREA SD,Algebra I,Historically Underperforming,109,8.3,40.4,34.9,16.5,2019
SHALER AREA SD,Biology,All Students,317,32.8,35.3,21.8,10.1,2019
SHALER AREA SD,Biology,Historically Underperforming,111,21.6,27,29.7,21.6,2019
SHALER AREA SD,Literature,All Students,313,19.5,59.1,16.3,5.1,2019
SHALER AREA SD,Literature,Historically Underperforming,106,9.4,48.1,29.2,13.2,2019
SOUTH ALLEGHENY SD,Algebra I,All Students,89,4.5,46.1,42.7,6.7,2019
SOUTH ALLEGHENY SD,Algebra I,Historically Underperforming,48,4.2,35.4,52.1,8.3,2019
SOUTH ALLEGHENY SD,Biology,All Students,90,13.3,33.3,36.7,16.7,2019
SOUTH ALLEGHENY SD,Biology,Historically Underperforming,49,10.2,20.4,44.9,24.5,2019
SOUTH ALLEGHENY SD,Literature,All Students,90,2.2,63.3,27.8,6.7,2019
SOUTH ALLEGHENY SD,Literature,Historically Underperforming,49,0,57.1,30.6,12.2,2019
SOUTH FAYETTE TOWNSHIP SD,Algebra I,All Students,213,49.3,39.4,9.4,1.9,2019
SOUTH FAYETTE TOWNSHIP SD,Algebra I,Historically Underperforming,28,21.4,35.7,28.6,14.3,2019
SOUTH FAYETTE TOWNSHIP SD,Biology,All Students,214,32.2,58.9,8.4,0.5,2019
SOUTH FAYETTE TOWNSHIP SD,Biology,Historically Underperforming,28,14.3,50,32.1,3.6,2019
SOUTH FAYETTE TOWNSHIP SD,Literature,All Students,214,24.8,68.7,5.6,0.9,2019
SOUTH FAYETTE TOWNSHIP SD,Literature,Historically Underperforming,28,17.9,50,25,7.1,2019
SOUTH PARK SD,Algebra I,All Students,148,46.6,37.2,14.2,2,2019
SOUTH PARK SD,Algebra I,Historically Underperforming,45,28.9,37.8,26.7,6.7,2019
SOUTH PARK SD,Biology,All Students,146,38.4,31.5,23.3,6.8,2019
SOUTH PARK SD,Biology,Historically Underperforming,44,15.9,25,40.9,18.2,2019
SOUTH PARK SD,Literature,All Students,146,17.1,63,17.8,2.1,2019
SOUTH PARK SD,Literature,Historically Underperforming,44,6.8,50,36.4,6.8,2019
SPECTRUM CS,Algebra I,All Students,2,,,,,2019
SPECTRUM CS,Algebra I,Historically Underperforming,1,,,,,2019
SPECTRUM CS,Biology,All Students,2,,,,,2019
SPECTRUM CS,Biology,Historically Underperforming,1,,,,,2019
SPECTRUM CS,Literature,All Students,2,,,,,2019
SPECTRUM CS,Literature,Historically Underperforming,1,,,,,2019
STEEL CENTER FOR CAREER AND TECHNICAL EDUCATION,Algebra I,All Students,5,,,,,2019
STEEL CENTER FOR CAREER AND TECHNICAL EDUCATION,Algebra I,Historically Underperforming,5,,,,,2019
STEEL CENTER FOR CAREER AND TECHNICAL EDUCATION,Biology,All Students,4,,,,,2019
STEEL CENTER FOR CAREER AND TECHNICAL EDUCATION,Biology,Historically Underperforming,4,,,,,2019
STEEL CENTER FOR CAREER AND TECHNICAL EDUCATION,Literature,All Students,3,,,,,2019
STEEL CENTER FOR CAREER AND TECHNICAL EDUCATION,Literature,Historically Underperforming,3,,,,,2019
STEEL VALLEY SD,Algebra I,All Students,105,13.3,32.4,41.9,12.4,2019
STEEL VALLEY SD,Algebra I,Historically Underperforming,68,14.7,17.6,48.5,19.1,2019
STEEL VALLEY SD,Biology,All Students,102,7.8,36.3,25.5,30.4,2019
STEEL VALLEY SD,Biology,Historically Underperforming,65,6.2,27.7,26.2,40,2019
STEEL VALLEY SD,Literature,All Students,103,6.8,45.6,33,14.6,2019
STEEL VALLEY SD,Literature,Historically Underperforming,66,3,37.9,39.4,19.7,2019
STO-ROX SD,Algebra I,All Students,65,1.5,13.8,50.8,33.8,2019
STO-ROX SD,Algebra I,Historically Underperforming,55,0,12.7,52.7,34.5,2019
STO-ROX SD,Biology,All Students,62,0,4.8,22.6,72.6,2019
STO-ROX SD,Biology,Historically Underperforming,52,0,3.8,19.2,76.9,2019
STO-ROX SD,Literature,All Students,64,0,18.8,32.8,48.4,2019
STO-ROX SD,Literature,Historically Underperforming,54,0,14.8,35.2,50,2019
THE NEW ACADEMY CS,Algebra I,All Students,30,0,0,6.7,93.3,2019
THE NEW ACADEMY CS,Algebra I,Historically Underperforming,26,0,0,7.7,92.3,2019
THE NEW ACADEMY CS,Biology,All Students,27,0,0,11.1,88.9,2019
THE NEW ACADEMY CS,Biology,Historically Underperforming,24,0,0,12.5,87.5,2019
THE NEW ACADEMY CS,Literature,All Students,27,0,0,18.5,81.5,2019
THE NEW ACADEMY CS,Literature,Historically Underperforming,23,0,0,21.7,78.3,2019
UPPER SAINT CLAIR SD,Algebra I,All Students,330,51.8,37.6,10,0.6,2019
UPPER SAINT CLAIR SD,Algebra I,Historically Underperforming,61,37.7,29.5,29.5,3.3,2019
UPPER SAINT CLAIR SD,Biology,All Students,329,59,32.8,7.3,0.9,2019
UPPER SAINT CLAIR SD,Biology,Historically Underperforming,60,35,35,25,5,2019
UPPER SAINT CLAIR SD,Literature,All Students,328,33.5,62.5,3,0.9,2019
UPPER SAINT CLAIR SD,Literature,Historically Underperforming,59,22,55.9,16.9,5.1,2019
URBAN PATHWAYS 6-12 CS,Algebra I,All Students,30,6.7,10,50,33.3,2019
URBAN PATHWAYS 6-12 CS,Algebra I,Historically Underperforming,25,4,4,56,36,2019
URBAN PATHWAYS 6-12 CS,Biology,All Students,35,2.9,17.1,28.6,51.4,2019
URBAN PATHWAYS 6-12 CS,Biology,Historically Underperforming,29,0,13.8,27.6,58.6,2019
URBAN PATHWAYS 6-12 CS,Literature,All Students,35,2.9,28.6,31.4,37.1,2019
URBAN PATHWAYS 6-12 CS,Literature,Historically Underperforming,29,0,24.1,31,44.8,2019
WEST ALLEGHENY SD,Algebra I,All Students,224,18.8,55.4,22.8,3.1,2019
WEST ALLEGHENY SD,Algebra I,Historically Underperforming,57,8.8,38.6,40.4,12.3,2019
WEST ALLEGHENY SD,Biology,All Students,227,23.3,59.5,11.9,5.3,2019
WEST ALLEGHENY SD,Biology,Historically Underperforming,61,14.8,44.3,26.2,14.8,2019
WEST ALLEGHENY SD,Literature,All Students,229,21,65.5,10.5,3.1,2019
WEST ALLEGHENY SD,Literature,Historically Underperforming,60,11.7,53.3,23.3,11.7,2019
WEST JEFFERSON HILLS SD,Algebra I,All Students,215,35.8,43.7,15.3,5.1,2019
WEST JEFFERSON HILLS SD,Algebra I,Historically Underperforming,46,15.2,34.8,28.3,21.7,2019
WEST JEFFERSON HILLS SD,Biology,All Students,214,31.8,49.5,14.5,4.2,2019
WEST JEFFERSON HILLS SD,Biology,Historically Underperforming,46,15.2,47.8,19.6,17.4,2019
WEST JEFFERSON HILLS SD,Literature,All Students,212,28.8,61.8,7.1,2.4,2019
WEST JEFFERSON HILLS SD,Literature,Historically Underperforming,44,15.9,52.3,20.5,11.4,2019
WEST MIFFLIN AREA SD,Algebra I,All Students,210,7.6,35.7,32.4,24.3,2019
WEST MIFFLIN AREA SD,Algebra I,Historically Underperforming,113,6.2,22.1,33.6,38.1,2019
WEST MIFFLIN AREA SD,Biology,All Students,204,15.2,33.8,27.9,23,2019
WEST MIFFLIN AREA SD,Biology,Historically Underperforming,107,11.2,20.6,32.7,35.5,2019
WEST MIFFLIN AREA SD,Literature,All Students,208,5.8,59.6,20.7,13.9,2019
WEST MIFFLIN AREA SD,Literature,Historically Underperforming,111,5.4,47.7,23.4,23.4,2019
WESTINGHOUSE ARTS ACADEMY CS,Algebra I,All Students,25,16,40,32,12,2019
WESTINGHOUSE ARTS ACADEMY CS,Algebra I,Historically Underperforming,9,,,,,2019
WESTINGHOUSE ARTS ACADEMY CS,Biology,All Students,26,15.4,46.2,26.9,11.5,2019
WESTINGHOUSE ARTS ACADEMY CS,Biology,Historically Underperforming,10,,,,,2019
WESTINGHOUSE ARTS ACADEMY CS,Literature,All Students,25,16,56,24,4,2019
WESTINGHOUSE ARTS ACADEMY CS,Literature,Historically Underperforming,9,,,,,2019
WOODLAND HILLS SD,Algebra I,All Students,219,7.3,27.9,35.2,29.7,2019
WOODLAND HILLS SD,Algebra I,Historically Underperforming,123,5.7,17.9,39,37.4,2019
WOODLAND HILLS SD,Biology,All Students,196,12.8,31.1,26,30.1,2019
WOODLAND HILLS SD,Biology,Historically Underperforming,105,8.6,20,29.5,41.9,2019
WOODLAND HILLS SD,Literature,All Students,187,5.3,54.5,25.1,15,2019
WOODLAND HILLS SD,Literature,Historically Underperforming,97,2.1,44.3,32,21.6,2019
APOLLO-RIDGE SD,Algebra I,All Students,68,2.9,61.8,26.5,8.8,2019
APOLLO-RIDGE SD,Algebra I,Historically Underperforming,29,0,44.8,37.9,17.2,2019
APOLLO-RIDGE SD,Biology,All Students,68,20.6,54.4,17.6,7.4,2019
APOLLO-RIDGE SD,Biology,Historically Underperforming,29,20.7,37.9,27.6,13.8,2019
APOLLO-RIDGE SD,Literature,All Students,68,10.3,72.1,11.8,5.9,2019
APOLLO-RIDGE SD,Literature,Historically Underperforming,29,3.4,65.5,17.2,13.8,2019
ARMSTRONG SD,Algebra I,All Students,175,12.6,64.6,19.4,3.4,2019
ARMSTRONG SD,Algebra I,Historically Underperforming,71,7,60.6,23.9,8.5,2019
ARMSTRONG SD,Biology,All Students,173,51.4,34.7,11,2.9,2019
ARMSTRONG SD,Biology,Historically Underperforming,70,41.4,35.7,17.1,5.7,2019
ARMSTRONG SD,Literature,All Students,174,8.6,79.9,9.8,1.7,2019
ARMSTRONG SD,Literature,Historically Underperforming,71,5.6,71.8,18.3,4.2,2019
ARMSTRONG SD,Algebra I,All Students,61,16.4,68.9,13.1,1.6,2019
ARMSTRONG SD,Algebra I,Historically Underperforming,25,4,60,32,4,2019
ARMSTRONG SD,Biology,All Students,60,46.7,28.3,23.3,1.7,2019
ARMSTRONG SD,Biology,Historically Underperforming,24,33.3,29.2,33.3,4.2,2019
ARMSTRONG SD,Literature,All Students,60,10,73.3,15,1.7,2019
ARMSTRONG SD,Literature,Historically Underperforming,24,0,62.5,33.3,4.2,2019
FREEPORT AREA SD,Algebra I,All Students,116,36.2,46.6,13.8,3.4,2019
FREEPORT AREA SD,Algebra I,Historically Underperforming,36,16.7,38.9,33.3,11.1,2019
FREEPORT AREA SD,Biology,All Students,119,42.9,37,14.3,5.9,2019
FREEPORT AREA SD,Biology,Historically Underperforming,37,21.6,35.1,24.3,18.9,2019
FREEPORT AREA SD,Literature,All Students,119,21,66.4,9.2,3.4,2019
FREEPORT AREA SD,Literature,Historically Underperforming,37,5.4,67.6,16.2,10.8,2019
LEECHBURG AREA SD,Algebra I,All Students,63,9.5,50.8,31.7,7.9,2019
LEECHBURG AREA SD,Algebra I,Historically Underperforming,23,8.7,30.4,43.5,17.4,2019
LEECHBURG AREA SD,Biology,All Students,65,13.8,75.4,3.1,7.7,2019
LEECHBURG AREA SD,Biology,Historically Underperforming,25,20,56,4,20,2019
LEECHBURG AREA SD,Literature,All Students,69,1.4,78.3,7.2,13,2019
LEECHBURG AREA SD,Literature,Historically Underperforming,29,0,62.1,6.9,31,2019
LENAPE TECH,Algebra I,All Students,163,4.3,41.7,36.8,17.2,2019
LENAPE TECH,Algebra I,Historically Underperforming,97,2.1,33,38.1,26.8,2019
LENAPE TECH,Biology,All Students,163,19.6,35.6,26.4,18.4,2019
LENAPE TECH,Biology,Historically Underperforming,97,12.4,33,24.7,29.9,2019
LENAPE TECH,Literature,All Students,163,1.8,50.9,30.7,16.6,2019
LENAPE TECH,Literature,Historically Underperforming,97,1,37.1,36.1,25.8,2019
ALIQUIPPA SD,Algebra I,All Students,47,2.1,23.4,40.4,34,2019
ALIQUIPPA SD,Algebra I,Historically Underperforming,47,2.1,23.4,40.4,34,2019
ALIQUIPPA SD,Biology,All Students,45,0,8.9,37.8,53.3,2019
ALIQUIPPA SD,Biology,Historically Underperforming,45,0,8.9,37.8,53.3,2019
ALIQUIPPA SD,Literature,All Students,47,0,34,40.4,25.5,2019
ALIQUIPPA SD,Literature,Historically Underperforming,47,0,34,40.4,25.5,2019
AMBRIDGE AREA SD,Algebra I,All Students,188,10.1,45.7,30.9,13.3,2019
AMBRIDGE AREA SD,Algebra I,Historically Underperforming,86,3.5,32.6,41.9,22.1,2019
AMBRIDGE AREA SD,Biology,All Students,192,7.8,47.4,31.3,13.5,2019
AMBRIDGE AREA SD,Biology,Historically Underperforming,90,3.3,35.6,36.7,24.4,2019
AMBRIDGE AREA SD,Literature,All Students,191,8.9,59.7,23.6,7.9,2019
AMBRIDGE AREA SD,Literature,Historically Underperforming,89,2.2,46.1,36,15.7,2019
BEAVER AREA SD,Algebra I,All Students,138,17.4,55.1,22.5,5.1,2019
BEAVER AREA SD,Algebra I,Historically Underperforming,30,6.7,53.3,20,20,2019
BEAVER AREA SD,Biology,All Students,139,33.8,43.2,15.1,7.9,2019
BEAVER AREA SD,Biology,Historically Underperforming,30,23.3,33.3,13.3,30,2019
BEAVER AREA SD,Literature,All Students,138,10.9,69.6,14.5,5.1,2019
BEAVER AREA SD,Literature,Historically Underperforming,30,0,56.7,26.7,16.7,2019
BEAVER COUNTY CTC,Algebra I,All Students,8,,,,,2019
BEAVER COUNTY CTC,Algebra I,Historically Underperforming,4,,,,,2019
BEAVER COUNTY CTC,Biology,All Students,8,,,,,2019
BEAVER COUNTY CTC,Biology,Historically Underperforming,4,,,,,2019
BEAVER COUNTY CTC,Literature,All Students,8,,,,,2019
BEAVER COUNTY CTC,Literature,Historically Underperforming,4,,,,,2019
BIG BEAVER FALLS AREA SD,Algebra I,All Students,103,9.7,28.2,48.5,13.6,2019
BIG BEAVER FALLS AREA SD,Algebra I,Historically Underperforming,83,7.2,24.1,53,15.7,2019
BIG BEAVER FALLS AREA SD,Biology,All Students,100,9,33,20,38,2019
BIG BEAVER FALLS AREA SD,Biology,Historically Underperforming,80,5,28.8,21.3,45,2019
BIG BEAVER FALLS AREA SD,Literature,All Students,97,6.2,54.6,22.7,16.5,2019
BIG BEAVER FALLS AREA SD,Literature,Historically Underperforming,78,1.3,53.8,24.4,20.5,2019
BLACKHAWK SD,Algebra I,All Students,175,29.7,54.3,14.3,1.7,2019
BLACKHAWK SD,Algebra I,Historically Underperforming,53,11.3,52.8,32.1,3.8,2019
BLACKHAWK SD,Biology,All Students,177,29.4,57.6,11.3,1.7,2019
BLACKHAWK SD,Biology,Historically Underperforming,55,12.7,60,21.8,5.5,2019
BLACKHAWK SD,Literature,All Students,176,14.8,71.6,11.9,1.7,2019
BLACKHAWK SD,Literature,Historically Underperforming,54,1.9,66.7,27.8,3.7,2019
CENTRAL VALLEY SD,Algebra I,All Students,168,34.5,48.8,10.7,6,2019
CENTRAL VALLEY SD,Algebra I,Historically Underperforming,54,13,51.9,22.2,13,2019
CENTRAL VALLEY SD,Biology,All Students,167,36.5,41.3,14.4,7.8,2019
CENTRAL VALLEY SD,Biology,Historically Underperforming,53,15.1,39.6,26.4,18.9,2019
CENTRAL VALLEY SD,Literature,All Students,168,12.5,74.4,10.1,3,2019
CENTRAL VALLEY SD,Literature,Historically Underperforming,54,11.1,55.6,24.1,9.3,2019
FREEDOM AREA SD,Algebra I,All Students,93,10.8,39.8,38.7,10.8,2019
FREEDOM AREA SD,Algebra I,Historically Underperforming,39,5.1,28.2,48.7,17.9,2019
FREEDOM AREA SD,Biology,All Students,92,6.5,37,22.8,33.7,2019
FREEDOM AREA SD,Biology,Historically Underperforming,40,5,17.5,22.5,55,2019
FREEDOM AREA SD,Literature,All Students,93,3.2,52.7,26.9,17.2,2019
FREEDOM AREA SD,Literature,Historically Underperforming,40,2.5,32.5,32.5,32.5,2019
HOPEWELL AREA SD,Algebra I,All Students,136,15.4,48.5,27.2,8.8,2019
HOPEWELL AREA SD,Algebra I,Historically Underperforming,50,8,32,40,20,2019
HOPEWELL AREA SD,Biology,All Students,137,10.9,56.2,27,5.8,2019
HOPEWELL AREA SD,Biology,Historically Underperforming,51,5.9,39.2,39.2,15.7,2019
HOPEWELL AREA SD,Literature,All Students,136,8.1,58.8,25.7,7.4,2019
HOPEWELL AREA SD,Literature,Historically Underperforming,50,2,40,38,20,2019
LINCOLN PARK PERFORMING ARTS CS,Algebra I,All Students,143,21.7,39.9,35,3.5,2019
LINCOLN PARK PERFORMING ARTS CS,Algebra I,Historically Underperforming,46,6.5,30.4,56.5,6.5,2019
LINCOLN PARK PERFORMING ARTS CS,Biology,All Students,142,19,43.7,26.1,11.3,2019
LINCOLN PARK PERFORMING ARTS CS,Biology,Historically Underperforming,46,0,34.8,41.3,23.9,2019
LINCOLN PARK PERFORMING ARTS CS,Literature,All Students,143,11.9,74.8,11.2,2.1,2019
LINCOLN PARK PERFORMING ARTS CS,Literature,Historically Underperforming,46,2.2,73.9,17.4,6.5,2019
NEW BRIGHTON AREA SD,Algebra I,All Students,103,3.9,56.3,33,6.8,2019
NEW BRIGHTON AREA SD,Algebra I,Historically Underperforming,68,1.5,51.5,38.2,8.8,2019
NEW BRIGHTON AREA SD,Biology,All Students,103,25.2,37.9,23.3,13.6,2019
NEW BRIGHTON AREA SD,Biology,Historically Underperforming,68,16.2,39.7,26.5,17.6,2019
NEW BRIGHTON AREA SD,Literature,All Students,103,1.9,68,21.4,8.7,2019
NEW BRIGHTON AREA SD,Literature,Historically Underperforming,68,1.5,60.3,26.5,11.8,2019
PENNSYLVANIA CYBER CS,Algebra I,All Students,1039,9.3,31,41.3,18.4,2019
PENNSYLVANIA CYBER CS,Algebra I,Historically Underperforming,408,5.4,22.5,42.9,29.2,2019
PENNSYLVANIA CYBER CS,Biology,All Students,1017,10.2,31.7,32.1,26.1,2019
PENNSYLVANIA CYBER CS,Biology,Historically Underperforming,398,5.3,21.6,35.7,37.4,2019
PENNSYLVANIA CYBER CS,Literature,All Students,1016,5.6,52.4,31.7,10.3,2019
PENNSYLVANIA CYBER CS,Literature,Historically Underperforming,403,4,39.7,38,18.4,2019
RIVERSIDE BEAVER COUNTY SD,Algebra I,All Students,115,42.6,35.7,18.3,3.5,2019
RIVERSIDE BEAVER COUNTY SD,Algebra I,Historically Underperforming,39,33.3,28.2,28.2,10.3,2019
RIVERSIDE BEAVER COUNTY SD,Biology,All Students,113,34.5,39.8,16.8,8.8,2019
RIVERSIDE BEAVER COUNTY SD,Biology,Historically Underperforming,38,28.9,28.9,21.1,21.1,2019
RIVERSIDE BEAVER COUNTY SD,Literature,All Students,116,10.3,75,11.2,3.4,2019
