2015	21ST CENTURY CYBER CS	E	Historically Underperforming	33	9.09	66.67	15.15	9.09
2015	21ST CENTURY CYBER CS	M	All Students	126	17.46	48.41	28.57	5.56
2015	21ST CENTURY CYBER CS	M	Historically Underperforming	35	8.57	48.57	34.29	8.57
2015	21ST CENTURY CYBER CS	S	All Students	126	11.11	55.56	26.19	7.14
2015	21ST CENTURY CYBER CS	S	Historically Underperforming	35	8.57	62.86	17.14	11.43
2015	A W BEATTIE CAREER CENTER	E	All Students	7	IS	IS	IS	IS
2015	A W BEATTIE CAREER CENTER	E	Historically Underperforming	4	IS	IS	IS	IS
2015	A W BEATTIE CAREER CENTER	M	All Students	7	IS	IS	IS	IS
2015	A W BEATTIE CAREER CENTER	M	Historically Underperforming	4	IS	IS	IS	IS
2015	A W BEATTIE CAREER CENTER	S	All Students	8	IS	IS	IS	IS
2015	A W BEATTIE CAREER CENTER	S	Historically Underperforming	5	IS	IS	IS	IS
2015	ABINGTON HEIGHTS SD	E	All Students	235	24.68	70.64	4.26	0.43
2015	ABINGTON HEIGHTS SD	E	Historically Underperforming	48	6.25	77.08	14.58	2.08
2015	ABINGTON HEIGHTS SD	M	All Students	234	39.32	47.01	10.68	2.99
2015	ABINGTON HEIGHTS SD	M	Historically Underperforming	47	10.64	55.32	19.15	14.89
2015	ABINGTON HEIGHTS SD	S	All Students	235	48.94	35.74	10.21	5.11
2015	ABINGTON HEIGHTS SD	S	Historically Underperforming	48	22.92	41.67	16.67	18.75
2015	ABINGTON SD	E	All Students	555	17.66	72.79	8.11	1.44
2015	ABINGTON SD	E	Historically Underperforming	179	6.7	70.95	19.55	2.79
2015	ABINGTON SD	M	All Students	556	32.01	53.24	13.31	1.44
2015	ABINGTON SD	M	Historically Underperforming	179	17.88	53.63	25.14	3.35
2015	ABINGTON SD	S	All Students	557	23.16	60.5	11.85	4.49
2015	ABINGTON SD	S	Historically Underperforming	182	11.54	53.3	24.18	10.99
2015	ACADEMY CHARTER SCHOOL	E	All Students	25	0	0	32	68
2015	ACADEMY CHARTER SCHOOL	E	Historically Underperforming	22	0	0	31.82	68.18
2015	ACADEMY CHARTER SCHOOL	M	All Students	25	0	0	24	76
2015	ACADEMY CHARTER SCHOOL	M	Historically Underperforming	22	0	0	27.27	72.73
2015	ACADEMY CHARTER SCHOOL	S	All Students	25	0	0	0	100
2015	ACADEMY CHARTER SCHOOL	S	Historically Underperforming	22	0	0	0	100
2015	ACHIEVEMENT HOUSE CS	E	All Students	119	2.52	28.57	39.5	29.41
2015	ACHIEVEMENT HOUSE CS	E	Historically Underperforming	88	2.27	27.27	36.36	34.09
2015	ACHIEVEMENT HOUSE CS	M	All Students	119	0.84	17.65	38.66	42.86
2015	ACHIEVEMENT HOUSE CS	M	Historically Underperforming	87	1.15	13.79	35.63	49.43
2015	ACHIEVEMENT HOUSE CS	S	All Students	119	2.52	11.76	27.73	57.98
2015	ACHIEVEMENT HOUSE CS	S	Historically Underperforming	88	3.41	10.23	25	61.36
2015	ACT ACADEMY CYBER CS	E	All Students	24	0	29.17	41.67	29.17
2015	ACT ACADEMY CYBER CS	E	Historically Underperforming	23	0	26.09	43.48	30.43
2015	ACT ACADEMY CYBER CS	M	All Students	26	0	11.54	50	38.46
2015	ACT ACADEMY CYBER CS	M	Historically Underperforming	25	0	8	52	40
2015	ACT ACADEMY CYBER CS	S	All Students	24	0	8.33	20.83	70.83
2015	ACT ACADEMY CYBER CS	S	Historically Underperforming	23	0	8.7	17.39	73.91
2015	ADMIRAL PEARY AVTS	E	All Students	1	IS	IS	IS	IS
2015	ADMIRAL PEARY AVTS	E	Historically Underperforming	1	IS	IS	IS	IS
2015	ADMIRAL PEARY AVTS	M	All Students	1	IS	IS	IS	IS
2015	ADMIRAL PEARY AVTS	M	Historically Underperforming	1	IS	IS	IS	IS
2015	ADMIRAL PEARY AVTS	S	All Students	1	IS	IS	IS	IS
2015	ADMIRAL PEARY AVTS	S	Historically Underperforming	1	IS	IS	IS	IS
2015	AGORA CYBER CS	E	All Students	936	1.5	47.12	38.57	12.82
2015	AGORA CYBER CS	E	Historically Underperforming	660	0.76	42.73	41.06	15.45
2015	AGORA CYBER CS	M	All Students	947	3.59	22.39	46.78	27.24
2015	AGORA CYBER CS	M	Historically Underperforming	669	2.99	18.54	45.59	32.88
2015	AGORA CYBER CS	S	All Students	945	5.19	23.92	29.84	41.06
2015	AGORA CYBER CS	S	Historically Underperforming	667	3.9	19.49	27.59	49.03
2015	ALBERT GALLATIN AREA SD	E	All Students	246	7.72	61.79	26.02	4.47
2015	ALBERT GALLATIN AREA SD	E	Historically Underperforming	133	3.76	51.13	38.35	6.77
2015	ALBERT GALLATIN AREA SD	M	All Students	247	3.64	44.53	40.89	10.93
2015	ALBERT GALLATIN AREA SD	M	Historically Underperforming	134	1.49	29.85	51.49	17.16
2015	ALBERT GALLATIN AREA SD	S	All Students	246	9.76	37.8	28.05	24.39
2015	ALBERT GALLATIN AREA SD	S	Historically Underperforming	133	3.01	29.32	32.33	35.34
2015	ALIQUIPPA SD	E	All Students	75	1.33	36	46.67	16
2015	ALIQUIPPA SD	E	Historically Underperforming	69	0	33.33	49.28	17.39
2015	ALIQUIPPA SD	M	All Students	75	1.33	29.33	56	13.33
2015	ALIQUIPPA SD	M	Historically Underperforming	69	0	27.54	57.97	14.49
2015	ALIQUIPPA SD	S	All Students	74	1.35	9.46	35.14	54.05
2015	ALIQUIPPA SD	S	Historically Underperforming	68	0	8.82	35.29	55.88
2015	ALLEGHENY VALLEY SD	E	All Students	70	5.71	81.43	11.43	1.43
2015	ALLEGHENY VALLEY SD	E	Historically Underperforming	32	0	81.25	15.63	3.13
2015	ALLEGHENY VALLEY SD	M	All Students	68	25	44.12	29.41	1.47
2015	ALLEGHENY VALLEY SD	M	Historically Underperforming	30	13.33	43.33	40	3.33
2015	ALLEGHENY VALLEY SD	S	All Students	66	13.64	42.42	25.76	18.18
2015	ALLEGHENY VALLEY SD	S	Historically Underperforming	28	3.57	42.86	35.71	17.86
2015	ALLEGHENY-CLARION VALLEY SD	E	All Students	54	1.85	57.41	29.63	11.11
2015	ALLEGHENY-CLARION VALLEY SD	E	Historically Underperforming	30	0	53.33	33.33	13.33
2015	ALLEGHENY-CLARION VALLEY SD	M	All Students	54	22.22	44.44	25.93	7.41
2015	ALLEGHENY-CLARION VALLEY SD	M	Historically Underperforming	30	10	43.33	33.33	13.33
2015	ALLEGHENY-CLARION VALLEY SD	S	All Students	54	5.56	64.81	27.78	1.85
2015	ALLEGHENY-CLARION VALLEY SD	S	Historically Underperforming	30	3.33	56.67	36.67	3.33
2015	ALLENTOWN CITY SD	E	All Students	338	1.18	41.12	36.09	21.6
2015	ALLENTOWN CITY SD	E	Historically Underperforming	303	1.32	37.95	37.29	23.43
2015	ALLENTOWN CITY SD	M	All Students	344	4.07	35.17	45.64	15.12
2015	ALLENTOWN CITY SD	M	Historically Underperforming	309	3.56	33.33	46.93	16.18
2015	ALLENTOWN CITY SD	S	All Students	343	3.21	20.12	29.74	46.94
2015	ALLENTOWN CITY SD	S	Historically Underperforming	308	2.92	17.21	30.84	49.03
2015	ALLENTOWN CITY SD	E	All Students	529	3.02	40.26	35.35	21.36
2015	ALLENTOWN CITY SD	E	Historically Underperforming	451	1.77	36.59	37.69	23.95
2015	ALLENTOWN CITY SD	M	All Students	550	4.73	29.64	45.27	20.36
2015	ALLENTOWN CITY SD	M	Historically Underperforming	471	3.18	27.81	47.35	21.66
2015	ALLENTOWN CITY SD	S	All Students	527	4.36	17.46	28.46	49.72
2015	ALLENTOWN CITY SD	S	Historically Underperforming	450	3.11	13.78	28.89	54.22
2015	ALTOONA AREA SD	E	All Students	494	8.3	65.18	20.04	6.48
2015	ALTOONA AREA SD	E	Historically Underperforming	281	4.27	57.3	28.47	9.96
2015	ALTOONA AREA SD	M	All Students	496	15.52	54.03	24.4	6.05
2015	ALTOONA AREA SD	M	Historically Underperforming	283	9.89	45.94	34.28	9.89
2015	ALTOONA AREA SD	S	All Students	495	10.91	50.91	29.29	8.89
2015	ALTOONA AREA SD	S	Historically Underperforming	282	7.09	41.84	37.23	13.83
2015	ALTOONA AREA SD	E	All Students	5	IS	IS	IS	IS
2015	ALTOONA AREA SD	E	Historically Underperforming	4	IS	IS	IS	IS
2015	ALTOONA AREA SD	M	All Students	5	IS	IS	IS	IS
2015	ALTOONA AREA SD	M	Historically Underperforming	4	IS	IS	IS	IS
2015	ALTOONA AREA SD	S	All Students	5	IS	IS	IS	IS
2015	ALTOONA AREA SD	S	Historically Underperforming	4	IS	IS	IS	IS
2015	AMBRIDGE AREA SD	E	All Students	191	6.28	67.02	19.37	7.33
2015	AMBRIDGE AREA SD	E	Historically Underperforming	94	4.26	58.51	26.6	10.64
2015	AMBRIDGE AREA SD	M	All Students	194	8.76	47.42	34.54	9.28
2015	AMBRIDGE AREA SD	M	Historically Underperforming	97	5.15	37.11	41.24	16.49
2015	AMBRIDGE AREA SD	S	All Students	192	14.58	40.63	27.6	17.19
2015	AMBRIDGE AREA SD	S	Historically Underperforming	94	8.51	31.91	32.98	26.6
2015	ANNVILLE-CLEONA SD	E	All Students	120	10	78.33	7.5	4.17
2015	ANNVILLE-CLEONA SD	E	Historically Underperforming	30	0	63.33	23.33	13.33
2015	ANNVILLE-CLEONA SD	M	All Students	117	12.82	66.67	17.95	2.56
2015	ANNVILLE-CLEONA SD	M	Historically Underperforming	28	3.57	39.29	46.43	10.71
2015	ANNVILLE-CLEONA SD	S	All Students	120	17.5	47.5	21.67	13.33
2015	ANNVILLE-CLEONA SD	S	Historically Underperforming	30	10	30	23.33	36.67
2015	ANTIETAM SD	E	All Students	59	0	49.15	40.68	10.17
2015	ANTIETAM SD	E	Historically Underperforming	29	0	48.28	31.03	20.69
2015	ANTIETAM SD	M	All Students	60	5	43.33	33.33	18.33
2015	ANTIETAM SD	M	Historically Underperforming	30	3.33	23.33	36.67	36.67
2015	ANTIETAM SD	S	All Students	60	1.67	36.67	35	26.67
2015	ANTIETAM SD	S	Historically Underperforming	30	0	30	30	40
2015	APOLLO-RIDGE SD	E	All Students	84	4.76	83.33	10.71	1.19
2015	APOLLO-RIDGE SD	E	Historically Underperforming	37	5.41	72.97	18.92	2.7
2015	APOLLO-RIDGE SD	M	All Students	83	8.43	74.7	15.66	1.2
2015	APOLLO-RIDGE SD	M	Historically Underperforming	37	13.51	62.16	24.32	0
2015	APOLLO-RIDGE SD	S	All Students	84	2.38	48.81	39.29	9.52
2015	APOLLO-RIDGE SD	S	Historically Underperforming	37	2.7	43.24	37.84	16.22
2015	ARCH AND DESIGN CHS	E	All Students	132	0.76	56.06	37.12	6.06
2015	ARCH AND DESIGN CHS	E	Historically Underperforming	97	0	46.39	45.36	8.25
2015	ARCH AND DESIGN CHS	M	All Students	133	3.76	33.08	47.37	15.79
2015	ARCH AND DESIGN CHS	M	Historically Underperforming	98	4.08	26.53	48.98	20.41
2015	ARCH AND DESIGN CHS	S	All Students	133	0	18.05	45.11	36.84
2015	ARCH AND DESIGN CHS	S	Historically Underperforming	98	0	15.31	44.9	39.8
2015	ARISE ACADEMY CHARTER HS	E	All Students	15	0	6.67	20	73.33
2015	ARISE ACADEMY CHARTER HS	E	Historically Underperforming	15	0	6.67	20	73.33
2015	ARISE ACADEMY CHARTER HS	M	All Students	15	0	0	26.67	73.33
2015	ARISE ACADEMY CHARTER HS	M	Historically Underperforming	15	0	0	26.67	73.33
2015	ARISE ACADEMY CHARTER HS	S	All Students	11	0	0	9.09	90.91
2015	ARISE ACADEMY CHARTER HS	S	Historically Underperforming	11	0	0	9.09	90.91
2015	ARMSTRONG SD	E	All Students	74	4.05	74.32	17.57	4.05
2015	ARMSTRONG SD	E	Historically Underperforming	26	3.85	53.85	30.77	11.54
2015	ARMSTRONG SD	M	All Students	74	8.11	71.62	16.22	4.05
2015	ARMSTRONG SD	M	Historically Underperforming	26	0	61.54	30.77	7.69
2015	ARMSTRONG SD	S	All Students	75	24	46.67	20	9.33
2015	ARMSTRONG SD	S	Historically Underperforming	27	18.52	33.33	29.63	18.52
2015	ARMSTRONG SD	E	All Students	100	1	66	25	8
2015	ARMSTRONG SD	E	Historically Underperforming	41	0	43.9	41.46	14.63
2015	ARMSTRONG SD	M	All Students	100	3	63	27	7
2015	ARMSTRONG SD	M	Historically Underperforming	41	2.44	43.9	36.59	17.07
2015	ARMSTRONG SD	S	All Students	100	22	36	24	18
2015	ARMSTRONG SD	S	Historically Underperforming	41	4.88	36.59	26.83	31.71
2015	ARMSTRONG SD	E	All Students	64	3.13	79.69	15.63	1.56
2015	ARMSTRONG SD	E	Historically Underperforming	23	0	52.17	43.48	4.35
2015	ARMSTRONG SD	M	All Students	64	15.63	59.38	23.44	1.56
2015	ARMSTRONG SD	M	Historically Underperforming	23	8.7	39.13	47.83	4.35
2015	ARMSTRONG SD	S	All Students	64	14.06	60.94	17.19	7.81
2015	ARMSTRONG SD	S	Historically Underperforming	23	4.35	52.17	21.74	21.74
2015	ASPIRA BILINGUAL CYBER CHARTER SCHOOL	E	All Students	17	0	17.65	41.18	41.18
2015	ASPIRA BILINGUAL CYBER CHARTER SCHOOL	E	Historically Underperforming	17	0	17.65	41.18	41.18
2015	ASPIRA BILINGUAL CYBER CHARTER SCHOOL	M	All Students	17	0	5.88	47.06	47.06
2015	ASPIRA BILINGUAL CYBER CHARTER SCHOOL	M	Historically Underperforming	17	0	5.88	47.06	47.06
2015	ASPIRA BILINGUAL CYBER CHARTER SCHOOL	S	All Students	15	0	13.33	6.67	80
2015	ASPIRA BILINGUAL CYBER CHARTER SCHOOL	S	Historically Underperforming	15	0	13.33	6.67	80
2015	ATHENS AREA SD	E	All Students	162	3.7	60.49	24.69	11.11
2015	ATHENS AREA SD	E	Historically Underperforming	59	1.69	35.59	35.59	27.12
2015	ATHENS AREA SD	M	All Students	159	11.95	44.65	26.42	16.98
2015	ATHENS AREA SD	M	Historically Underperforming	58	3.45	27.59	27.59	41.38
2015	ATHENS AREA SD	S	All Students	160	13.75	46.25	21.25	18.75
2015	ATHENS AREA SD	S	Historically Underperforming	58	1.72	31.03	25.86	41.38
2015	AUSTIN AREA SD	E	All Students	5	IS	IS	IS	IS
2015	AUSTIN AREA SD	E	Historically Underperforming	0	NA	NA	NA	NA
2015	AUSTIN AREA SD	M	All Students	5	IS	IS	IS	IS
2015	AUSTIN AREA SD	M	Historically Underperforming	0	NA	NA	NA	NA
2015	AUSTIN AREA SD	S	All Students	5	IS	IS	IS	IS
2015	AUSTIN AREA SD	S	Historically Underperforming	0	NA	NA	NA	NA
2015	AVELLA AREA SD	E	All Students	43	0	79.07	13.95	6.98
2015	AVELLA AREA SD	E	Historically Underperforming	27	0	74.07	18.52	7.41
2015	AVELLA AREA SD	M	All Students	41	17.07	48.78	34.15	0
2015	AVELLA AREA SD	M	Historically Underperforming	25	12	48	40	0
2015	AVELLA AREA SD	S	All Students	43	13.95	62.79	18.6	4.65
2015	AVELLA AREA SD	S	Historically Underperforming	27	11.11	66.67	18.52	3.7
2015	AVON GROVE CS	E	All Students	65	12.31	38.46	43.08	6.15
2015	AVON GROVE CS	E	Historically Underperforming	21	0	14.29	66.67	19.05
2015	AVON GROVE CS	M	All Students	65	21.54	38.46	20	20
2015	AVON GROVE CS	M	Historically Underperforming	21	0	19.05	33.33	47.62
2015	AVON GROVE CS	S	All Students	67	8.96	43.28	32.84	14.93
2015	AVON GROVE CS	S	Historically Underperforming	23	0	17.39	43.48	39.13
2015	AVON GROVE SD	E	All Students	443	14	73.59	10.16	2.26
2015	AVON GROVE SD	E	Historically Underperforming	115	7.83	56.52	27.83	7.83
2015	AVON GROVE SD	M	All Students	444	26.35	55.18	15.32	3.15
2015	AVON GROVE SD	M	Historically Underperforming	116	11.21	44.83	31.9	12.07
2015	AVON GROVE SD	S	All Students	444	32.43	38.51	20.27	8.78
2015	AVON GROVE SD	S	Historically Underperforming	117	19.66	26.5	29.91	23.93
2015	AVONWORTH SD	E	All Students	92	11.96	66.3	18.48	3.26
2015	AVONWORTH SD	E	Historically Underperforming	26	7.69	50	30.77	11.54
2015	AVONWORTH SD	M	All Students	58	6.9	31.03	53.45	8.62
2015	AVONWORTH SD	M	Historically Underperforming	22	9.09	22.73	50	18.18
2015	AVONWORTH SD	S	All Students	86	10.47	43.02	25.58	20.93
2015	AVONWORTH SD	S	Historically Underperforming	22	4.55	22.73	31.82	40.91
2015	BALD EAGLE AREA SD	E	All Students	131	8.4	71.76	14.5	5.34
2015	BALD EAGLE AREA SD	E	Historically Underperforming	50	6	50	30	14
2015	BALD EAGLE AREA SD	M	All Students	129	4.65	68.22	19.38	7.75
2015	BALD EAGLE AREA SD	M	Historically Underperforming	50	2	48	30	20
2015	BALD EAGLE AREA SD	S	All Students	130	7.69	63.85	15.38	13.08
2015	BALD EAGLE AREA SD	S	Historically Underperforming	49	4.08	42.86	26.53	26.53
2015	BALDWIN-WHITEHALL SD	E	All Students	325	6.46	72.92	15.08	5.54
2015	BALDWIN-WHITEHALL SD	E	Historically Underperforming	110	0.91	56.36	28.18	14.55
2015	BALDWIN-WHITEHALL SD	M	All Students	322	11.49	61.49	23.29	3.73
2015	BALDWIN-WHITEHALL SD	M	Historically Underperforming	106	6.6	47.17	36.79	9.43
2015	BALDWIN-WHITEHALL SD	S	All Students	324	15.74	44.14	29.94	10.19
2015	BALDWIN-WHITEHALL SD	S	Historically Underperforming	108	7.41	31.48	36.11	25
2015	BANGOR AREA SD	E	All Students	236	5.08	71.19	18.64	5.08
2015	BANGOR AREA SD	E	Historically Underperforming	109	2.75	59.63	27.52	10.09
2015	BANGOR AREA SD	M	All Students	235	14.04	48.94	32.34	4.68
2015	BANGOR AREA SD	M	Historically Underperforming	108	6.48	37.96	45.37	10.19
2015	BANGOR AREA SD	S	All Students	231	23.38	38.96	21.65	16.02
2015	BANGOR AREA SD	S	Historically Underperforming	103	9.71	34.95	30.1	25.24
2015	BEAVER AREA ACADEMIC CS	E	All Students	22	0	90.91	9.09	0
2015	BEAVER AREA ACADEMIC CS	E	Historically Underperforming	12	0	83.33	16.67	0
2015	BEAVER AREA ACADEMIC CS	M	All Students	20	20	60	20	0
2015	BEAVER AREA ACADEMIC CS	M	Historically Underperforming	11	9.09	72.73	18.18	0
2015	BEAVER AREA ACADEMIC CS	S	All Students	20	10	60	30	0
2015	BEAVER AREA ACADEMIC CS	S	Historically Underperforming	10	IS	IS	IS	IS
2015	BEAVER AREA SD	E	All Students	151	7.28	80.79	11.92	0
2015	BEAVER AREA SD	E	Historically Underperforming	31	9.68	54.84	35.48	0
2015	BEAVER AREA SD	M	All Students	150	48	39.33	12.67	0
2015	BEAVER AREA SD	M	Historically Underperforming	30	30	36.67	33.33	0
2015	BEAVER AREA SD	S	All Students	149	34.9	40.27	21.48	3.36
2015	BEAVER AREA SD	S	Historically Underperforming	31	25.81	35.48	29.03	9.68
2015	BEAVER COUNTY AVTS	E	All Students	21	0	38.1	28.57	33.33
2015	BEAVER COUNTY AVTS	E	Historically Underperforming	13	0	30.77	30.77	38.46
2015	BEAVER COUNTY AVTS	M	All Students	19	0	26.32	42.11	31.58
2015	BEAVER COUNTY AVTS	M	Historically Underperforming	12	0	33.33	41.67	25
2015	BEAVER COUNTY AVTS	S	All Students	17	0	17.65	29.41	52.94
2015	BEAVER COUNTY AVTS	S	Historically Underperforming	10	IS	IS	IS	IS
2015	BEDFORD AREA SD	E	All Students	158	14.56	72.78	11.39	1.27
2015	BEDFORD AREA SD	E	Historically Underperforming	57	3.51	68.42	24.56	3.51
2015	BEDFORD AREA SD	M	All Students	157	19.75	59.24	18.47	2.55
2015	BEDFORD AREA SD	M	Historically Underperforming	55	14.55	50.91	29.09	5.45
2015	BEDFORD AREA SD	S	All Students	158	33.54	46.84	14.56	5.06
2015	BEDFORD AREA SD	S	Historically Underperforming	57	22.81	40.35	28.07	8.77
2015	BEDFORD CO TECHNICAL CENTER	E	All Students	3	IS	IS	IS	IS
2015	BEDFORD CO TECHNICAL CENTER	E	Historically Underperforming	3	IS	IS	IS	IS
2015	BEDFORD CO TECHNICAL CENTER	M	All Students	2	IS	IS	IS	IS
2015	BEDFORD CO TECHNICAL CENTER	M	Historically Underperforming	2	IS	IS	IS	IS
2015	BEDFORD CO TECHNICAL CENTER	S	All Students	2	IS	IS	IS	IS
2015	BEDFORD CO TECHNICAL CENTER	S	Historically Underperforming	2	IS	IS	IS	IS
2015	BELLE VERNON AREA SD	E	All Students	204	12.75	66.67	17.65	2.94
2015	BELLE VERNON AREA SD	E	Historically Underperforming	71	7.04	43.66	40.85	8.45
2015	BELLE VERNON AREA SD	M	All Students	205	12.2	60	21.46	6.34
2015	BELLE VERNON AREA SD	M	Historically Underperforming	71	5.63	39.44	36.62	18.31
2015	BELLE VERNON AREA SD	S	All Students	205	10.73	59.51	21.46	8.29
2015	BELLE VERNON AREA SD	S	Historically Underperforming	72	4.17	41.67	33.33	20.83
2015	BELLEFONTE AREA SD	E	All Students	177	10.73	66.1	19.77	3.39
2015	BELLEFONTE AREA SD	E	Historically Underperforming	51	3.92	45.1	39.22	11.76
2015	BELLEFONTE AREA SD	M	All Students	178	21.35	51.12	22.47	5.06
2015	BELLEFONTE AREA SD	M	Historically Underperforming	52	7.69	40.38	36.54	15.38
2015	BELLEFONTE AREA SD	S	All Students	177	15.82	46.33	29.38	8.47
2015	BELLEFONTE AREA SD	S	Historically Underperforming	52	5.77	28.85	40.38	25
2015	BELLWOOD-ANTIS SD	E	All Students	83	6.02	80.72	10.84	2.41
2015	BELLWOOD-ANTIS SD	E	Historically Underperforming	21	4.76	66.67	19.05	9.52
2015	BELLWOOD-ANTIS SD	M	All Students	83	39.76	44.58	13.25	2.41
2015	BELLWOOD-ANTIS SD	M	Historically Underperforming	21	19.05	52.38	19.05	9.52
2015	BELLWOOD-ANTIS SD	S	All Students	83	28.92	48.19	18.07	4.82
2015	BELLWOOD-ANTIS SD	S	Historically Underperforming	21	19.05	38.1	23.81	19.05
2015	BENSALEM TOWNSHIP SD	E	All Students	435	6.9	66.21	20.23	6.67
2015	BENSALEM TOWNSHIP SD	E	Historically Underperforming	201	1.99	52.24	32.84	12.94
2015	BENSALEM TOWNSHIP SD	M	All Students	440	17.05	50.68	26.59	5.68
2015	BENSALEM TOWNSHIP SD	M	Historically Underperforming	215	7.44	40.93	40	11.63
2015	BENSALEM TOWNSHIP SD	S	All Students	450	23.56	41.33	19.78	15.33
2015	BENSALEM TOWNSHIP SD	S	Historically Underperforming	221	12.22	33.94	26.24	27.6
2015	BENTON AREA SD	E	All Students	49	4.08	63.27	32.65	0
2015	BENTON AREA SD	E	Historically Underperforming	26	3.85	38.46	57.69	0
2015	BENTON AREA SD	M	All Students	49	14.29	46.94	34.69	4.08
2015	BENTON AREA SD	M	Historically Underperforming	26	7.69	26.92	57.69	7.69
2015	BENTON AREA SD	S	All Students	49	12.24	53.06	26.53	8.16
2015	BENTON AREA SD	S	Historically Underperforming	26	0	38.46	46.15	15.38
2015	BENTWORTH SD	E	All Students	88	10.23	76.14	12.5	1.14
2015	BENTWORTH SD	E	Historically Underperforming	29	10.34	58.62	27.59	3.45
2015	BENTWORTH SD	M	All Students	88	28.41	54.55	12.5	4.55
2015	BENTWORTH SD	M	Historically Underperforming	29	13.79	48.28	24.14	13.79
2015	BENTWORTH SD	S	All Students	87	24.14	48.28	17.24	10.34
2015	BENTWORTH SD	S	Historically Underperforming	29	13.79	31.03	27.59	27.59
2015	BERKS CTC	E	All Students	12	0	8.33	50	41.67
2015	BERKS CTC	E	Historically Underperforming	8	IS	IS	IS	IS
2015	BERKS CTC	M	All Students	12	0	16.67	41.67	41.67
2015	BERKS CTC	M	Historically Underperforming	8	IS	IS	IS	IS
2015	BERKS CTC	S	All Students	12	0	8.33	50	41.67
2015	BERKS CTC	S	Historically Underperforming	8	IS	IS	IS	IS
2015	BERKS CTC	E	All Students	6	IS	IS	IS	IS
2015	BERKS CTC	E	Historically Underperforming	4	IS	IS	IS	IS
2015	BERKS CTC	M	All Students	5	IS	IS	IS	IS
2015	BERKS CTC	M	Historically Underperforming	3	IS	IS	IS	IS
2015	BERKS CTC	S	All Students	5	IS	IS	IS	IS
2015	BERKS CTC	S	Historically Underperforming	4	IS	IS	IS	IS
2015	BERLIN BROTHERSVALLEY SD	E	All Students	67	0	85.07	8.96	5.97
2015	BERLIN BROTHERSVALLEY SD	E	Historically Underperforming	27	0	62.96	22.22	14.81
2015	BERLIN BROTHERSVALLEY SD	M	All Students	68	5.88	50	27.94	16.18
2015	BERLIN BROTHERSVALLEY SD	M	Historically Underperforming	28	3.57	35.71	35.71	25
2015	BERLIN BROTHERSVALLEY SD	S	All Students	68	1.47	48.53	25	25
2015	BERLIN BROTHERSVALLEY SD	S	Historically Underperforming	28	0	42.86	21.43	35.71
2015	BERMUDIAN SPRINGS SD	E	All Students	154	3.9	73.38	16.88	5.84
2015	BERMUDIAN SPRINGS SD	E	Historically Underperforming	51	0	62.75	23.53	13.73
2015	BERMUDIAN SPRINGS SD	M	All Students	152	14.47	58.55	17.11	9.87
2015	BERMUDIAN SPRINGS SD	M	Historically Underperforming	51	9.8	43.14	29.41	17.65
2015	BERMUDIAN SPRINGS SD	S	All Students	154	9.74	46.1	31.17	12.99
2015	BERMUDIAN SPRINGS SD	S	Historically Underperforming	51	5.88	35.29	25.49	33.33
2015	BERWICK AREA SD	E	All Students	170	5.88	68.24	20	5.88
2015	BERWICK AREA SD	E	Historically Underperforming	85	3.53	51.76	34.12	10.59
2015	BERWICK AREA SD	M	All Students	169	18.34	52.07	24.85	4.73
2015	BERWICK AREA SD	M	Historically Underperforming	84	4.76	46.43	39.29	9.52
2015	BERWICK AREA SD	S	All Students	169	32.54	31.95	13.02	22.49
2015	BERWICK AREA SD	S	Historically Underperforming	84	16.67	23.81	20.24	39.29
2015	BETHEL PARK SD	E	All Students	350	15.71	67.43	11.43	5.43
2015	BETHEL PARK SD	E	Historically Underperforming	95	6.32	51.58	26.32	15.79
2015	BETHEL PARK SD	M	All Students	349	15.76	59.6	19.48	5.16
2015	BETHEL PARK SD	M	Historically Underperforming	96	6.25	35.42	41.67	16.67
2015	BETHEL PARK SD	S	All Students	347	32.56	40.35	18.73	8.36
2015	BETHEL PARK SD	S	Historically Underperforming	96	14.58	33.33	30.21	21.88
2015	BETHLEHEM AREA SD	E	All Students	436	6.19	51.38	31.65	10.78
2015	BETHLEHEM AREA SD	E	Historically Underperforming	199	3.02	28.14	47.74	21.11
2015	BETHLEHEM AREA SD	M	All Students	439	6.61	25.51	50.57	17.31
2015	BETHLEHEM AREA SD	M	Historically Underperforming	200	2.5	15.5	51	31
2015	BETHLEHEM AREA SD	S	All Students	439	15.03	30.98	25.97	28.02
2015	BETHLEHEM AREA SD	S	Historically Underperforming	200	4.5	20	27.5	48
2015	BETHLEHEM AREA SD	E	All Students	595	6.39	45.55	35.29	12.77
2015	BETHLEHEM AREA SD	E	Historically Underperforming	325	1.85	32.31	44.62	21.23
2015	BETHLEHEM AREA SD	M	All Students	600	7.17	21.17	49	22.67
2015	BETHLEHEM AREA SD	M	Historically Underperforming	330	3.94	13.94	50	32.12
2015	BETHLEHEM AREA SD	S	All Students	602	10.3	25.91	31.4	32.39
2015	BETHLEHEM AREA SD	S	Historically Underperforming	332	3.92	15.36	32.53	48.19
2015	BETHLEHEM AVTS	E	All Students	13	0	23.08	53.85	23.08
2015	BETHLEHEM AVTS	E	Historically Underperforming	12	0	25	50	25
2015	BETHLEHEM AVTS	M	All Students	14	0	7.14	42.86	50
2015	BETHLEHEM AVTS	M	Historically Underperforming	13	0	7.69	46.15	46.15
2015	BETHLEHEM AVTS	S	All Students	14	0	7.14	28.57	64.29
2015	BETHLEHEM AVTS	S	Historically Underperforming	13	0	7.69	30.77	61.54
2015	BETHLEHEM-CENTER SD	E	All Students	81	14.81	67.9	16.05	1.23
2015	BETHLEHEM-CENTER SD	E	Historically Underperforming	40	7.5	65	25	2.5
2015	BETHLEHEM-CENTER SD	M	All Students	82	1.22	67.07	29.27	2.44
2015	BETHLEHEM-CENTER SD	M	Historically Underperforming	40	0	52.5	42.5	5
2015	BETHLEHEM-CENTER SD	S	All Students	79	13.92	40.51	26.58	18.99
2015	BETHLEHEM-CENTER SD	S	Historically Underperforming	39	5.13	38.46	28.21	28.21
2015	BIG BEAVER FALLS AREA SD	E	All Students	93	5.38	68.82	20.43	5.38
2015	BIG BEAVER FALLS AREA SD	E	Historically Underperforming	67	2.99	65.67	23.88	7.46
2015	BIG BEAVER FALLS AREA SD	M	All Students	95	2.11	52.63	33.68	11.58
2015	BIG BEAVER FALLS AREA SD	M	Historically Underperforming	69	1.45	43.48	40.58	14.49
2015	BIG BEAVER FALLS AREA SD	S	All Students	92	1.09	36.96	34.78	27.17
2015	BIG BEAVER FALLS AREA SD	S	Historically Underperforming	66	1.52	24.24	43.94	30.3
2015	BIG SPRING SD	E	All Students	184	8.15	65.22	17.93	8.7
2015	BIG SPRING SD	E	Historically Underperforming	56	1.79	44.64	30.36	23.21
2015	BIG SPRING SD	M	All Students	181	19.89	48.62	24.86	6.63
2015	BIG SPRING SD	M	Historically Underperforming	54	12.96	35.19	31.48	20.37
2015	BIG SPRING SD	S	All Students	180	15	50.56	21.67	12.78
2015	BIG SPRING SD	S	Historically Underperforming	53	9.43	35.85	20.75	33.96
2015	BLACKHAWK SD	E	All Students	189	7.94	70.37	16.4	5.29
2015	BLACKHAWK SD	E	Historically Underperforming	54	3.7	62.96	20.37	12.96
2015	BLACKHAWK SD	M	All Students	189	14.29	58.73	21.16	5.82
2015	BLACKHAWK SD	M	Historically Underperforming	54	9.26	44.44	31.48	14.81
2015	BLACKHAWK SD	S	All Students	191	16.23	59.16	16.75	7.85
2015	BLACKHAWK SD	S	Historically Underperforming	56	10.71	44.64	21.43	23.21
2015	BLACKLICK VALLEY SD	E	All Students	50	2	52	32	14
2015	BLACKLICK VALLEY SD	E	Historically Underperforming	21	0	33.33	42.86	23.81
2015	BLACKLICK VALLEY SD	M	All Students	50	12	52	24	12
2015	BLACKLICK VALLEY SD	M	Historically Underperforming	21	4.76	42.86	33.33	19.05
2015	BLACKLICK VALLEY SD	S	All Students	50	16	42	26	16
2015	BLACKLICK VALLEY SD	S	Historically Underperforming	21	0	42.86	33.33	23.81
2015	BLAIRSVILLE-SALTSBURG SD	E	All Students	59	1.69	72.88	23.73	1.69
2015	BLAIRSVILLE-SALTSBURG SD	E	Historically Underperforming	28	0	60.71	35.71	3.57
2015	BLAIRSVILLE-SALTSBURG SD	M	All Students	60	5	71.67	20	3.33
2015	BLAIRSVILLE-SALTSBURG SD	M	Historically Underperforming	29	6.9	51.72	37.93	3.45
2015	BLAIRSVILLE-SALTSBURG SD	S	All Students	59	11.86	42.37	30.51	15.25
2015	BLAIRSVILLE-SALTSBURG SD	S	Historically Underperforming	28	3.57	32.14	39.29	25
2015	BLAIRSVILLE-SALTSBURG SD	E	All Students	63	4.76	71.43	15.87	7.94
2015	BLAIRSVILLE-SALTSBURG SD	E	Historically Underperforming	30	3.33	60	23.33	13.33
2015	BLAIRSVILLE-SALTSBURG SD	M	All Students	62	9.68	69.35	16.13	4.84
2015	BLAIRSVILLE-SALTSBURG SD	M	Historically Underperforming	29	13.79	55.17	20.69	10.34
2015	BLAIRSVILLE-SALTSBURG SD	S	All Students	63	4.76	50.79	33.33	11.11
2015	BLAIRSVILLE-SALTSBURG SD	S	Historically Underperforming	30	3.33	40	36.67	20
2015	BLOOMSBURG AREA SD	E	All Students	88	4.55	67.05	21.59	6.82
2015	BLOOMSBURG AREA SD	E	Historically Underperforming	32	3.13	53.13	34.38	9.38
2015	BLOOMSBURG AREA SD	M	All Students	88	11.36	62.5	25	1.14
2015	BLOOMSBURG AREA SD	M	Historically Underperforming	32	6.25	53.13	37.5	3.13
2015	BLOOMSBURG AREA SD	S	All Students	87	51.72	32.18	10.34	5.75
2015	BLOOMSBURG AREA SD	S	Historically Underperforming	32	34.38	37.5	15.63	12.5
2015	BLUE MOUNTAIN SD	E	All Students	205	6.83	77.56	12.68	2.93
2015	BLUE MOUNTAIN SD	E	Historically Underperforming	75	4	57.33	30.67	8
2015	BLUE MOUNTAIN SD	M	All Students	206	16.02	61.65	18.45	3.88
2015	BLUE MOUNTAIN SD	M	Historically Underperforming	75	4	50.67	34.67	10.67
2015	BLUE MOUNTAIN SD	S	All Students	205	26.83	37.56	16.59	19.02
2015	BLUE MOUNTAIN SD	S	Historically Underperforming	75	17.33	33.33	14.67	34.67
2015	BLUE RIDGE SD	E	All Students	71	5.63	70.42	19.72	4.23
2015	BLUE RIDGE SD	E	Historically Underperforming	39	5.13	58.97	28.21	7.69
2015	BLUE RIDGE SD	M	All Students	68	11.76	54.41	29.41	4.41
2015	BLUE RIDGE SD	M	Historically Underperforming	37	5.41	56.76	32.43	5.41
2015	BLUE RIDGE SD	S	All Students	68	10.29	36.76	32.35	20.59
2015	BLUE RIDGE SD	S	Historically Underperforming	37	8.11	24.32	37.84	29.73
2015	BOYERTOWN AREA SD	E	All Students	498	9.64	72.69	13.45	4.22
2015	BOYERTOWN AREA SD	E	Historically Underperforming	152	1.97	58.55	26.97	12.5
2015	BOYERTOWN AREA SD	M	All Students	496	17.34	61.49	18.55	2.62
2015	BOYERTOWN AREA SD	M	Historically Underperforming	151	6.62	46.36	39.07	7.95
2015	BOYERTOWN AREA SD	S	All Students	498	30.72	42.97	19.68	6.63
2015	BOYERTOWN AREA SD	S	Historically Underperforming	152	12.5	39.47	30.92	17.11
2015	BOYS LATIN OF PHILADELPHIA CS	E	All Students	111	0.9	54.05	39.64	5.41
2015	BOYS LATIN OF PHILADELPHIA CS	E	Historically Underperforming	111	0.9	54.05	39.64	5.41
2015	BOYS LATIN OF PHILADELPHIA CS	M	All Students	111	0	37.84	57.66	4.5
2015	BOYS LATIN OF PHILADELPHIA CS	M	Historically Underperforming	111	0	37.84	57.66	4.5
2015	BOYS LATIN OF PHILADELPHIA CS	S	All Students	111	0	22.52	40.54	36.94
2015	BOYS LATIN OF PHILADELPHIA CS	S	Historically Underperforming	111	0	22.52	40.54	36.94
2015	BRADFORD AREA SD	E	All Students	174	8.62	70.11	15.52	5.75
2015	BRADFORD AREA SD	E	Historically Underperforming	72	1.39	56.94	30.56	11.11
2015	BRADFORD AREA SD	M	All Students	166	21.69	55.42	15.06	7.83
2015	BRADFORD AREA SD	M	Historically Underperforming	68	5.88	51.47	23.53	19.12
2015	BRADFORD AREA SD	S	All Students	162	21.6	46.91	18.52	12.96
2015	BRADFORD AREA SD	S	Historically Underperforming	66	12.12	37.88	19.7	30.3
2015	BRANDYWINE HEIGHTS AREA SD	E	All Students	146	5.48	60.96	25.34	8.22
2015	BRANDYWINE HEIGHTS AREA SD	E	Historically Underperforming	43	0	32.56	46.51	20.93
2015	BRANDYWINE HEIGHTS AREA SD	M	All Students	146	2.05	56.85	31.51	9.59
2015	BRANDYWINE HEIGHTS AREA SD	M	Historically Underperforming	43	0	23.26	48.84	27.91
2015	BRANDYWINE HEIGHTS AREA SD	S	All Students	146	36.99	32.88	18.49	11.64
2015	BRANDYWINE HEIGHTS AREA SD	S	Historically Underperforming	43	9.3	32.56	30.23	27.91
2015	BRENTWOOD BOROUGH SD	E	All Students	83	4.82	80.72	12.05	2.41
2015	BRENTWOOD BOROUGH SD	E	Historically Underperforming	32	6.25	71.88	18.75	3.13
2015	BRENTWOOD BOROUGH SD	M	All Students	83	2.41	65.06	30.12	2.41
2015	BRENTWOOD BOROUGH SD	M	Historically Underperforming	31	0	48.39	45.16	6.45
2015	BRENTWOOD BOROUGH SD	S	All Students	84	9.52	50	30.95	9.52
2015	BRENTWOOD BOROUGH SD	S	Historically Underperforming	32	9.38	37.5	37.5	15.63
2015	BRISTOL BOROUGH SD	E	All Students	73	2.74	41.1	41.1	15.07
2015	BRISTOL BOROUGH SD	E	Historically Underperforming	51	0	31.37	49.02	19.61
2015	BRISTOL BOROUGH SD	M	All Students	72	4.17	20.83	56.94	18.06
2015	BRISTOL BOROUGH SD	M	Historically Underperforming	50	2	16	60	22
2015	BRISTOL BOROUGH SD	S	All Students	74	5.41	22.97	36.49	35.14
2015	BRISTOL BOROUGH SD	S	Historically Underperforming	52	1.92	15.38	40.38	42.31
2015	BRISTOL TOWNSHIP SD	E	All Students	300	3.67	71.67	20.67	4
2015	BRISTOL TOWNSHIP SD	E	Historically Underperforming	179	2.79	64.8	26.82	5.59
2015	BRISTOL TOWNSHIP SD	M	All Students	299	10.03	58.86	27.76	3.34
2015	BRISTOL TOWNSHIP SD	M	Historically Underperforming	179	9.5	50.84	34.64	5.03
2015	BRISTOL TOWNSHIP SD	S	All Students	293	2.39	26.62	43.34	27.65
2015	BRISTOL TOWNSHIP SD	S	Historically Underperforming	176	1.7	22.73	42.61	32.95
2015	BROCKWAY AREA SD	E	All Students	84	2.38	58.33	28.57	10.71
2015	BROCKWAY AREA SD	E	Historically Underperforming	34	0	44.12	41.18	14.71
2015	BROCKWAY AREA SD	M	All Students	83	24.1	36.14	24.1	15.66
2015	BROCKWAY AREA SD	M	Historically Underperforming	33	15.15	36.36	24.24	24.24
2015	BROCKWAY AREA SD	S	All Students	84	13.1	30.95	26.19	29.76
2015	BROCKWAY AREA SD	S	Historically Underperforming	34	14.71	14.71	26.47	44.12
2015	BROOKVILLE AREA SD	E	All Students	106	4.72	62.26	25.47	7.55
2015	BROOKVILLE AREA SD	E	Historically Underperforming	46	0	60.87	23.91	15.22
2015	BROOKVILLE AREA SD	M	All Students	107	7.48	54.21	27.1	11.21
2015	BROOKVILLE AREA SD	M	Historically Underperforming	47	0	55.32	25.53	19.15
2015	BROOKVILLE AREA SD	S	All Students	107	11.21	46.73	18.69	23.36
2015	BROOKVILLE AREA SD	S	Historically Underperforming	47	12.77	31.91	23.4	31.91
2015	BROWNSVILLE AREA SD	E	All Students	110	0.91	59.09	29.09	10.91
2015	BROWNSVILLE AREA SD	E	Historically Underperforming	74	0	50	35.14	14.86
2015	BROWNSVILLE AREA SD	M	All Students	114	8.77	38.6	44.74	7.89
2015	BROWNSVILLE AREA SD	M	Historically Underperforming	77	3.9	33.77	51.95	10.39
2015	BROWNSVILLE AREA SD	S	All Students	113	2.65	39.82	30.97	26.55
2015	BROWNSVILLE AREA SD	S	Historically Underperforming	77	0	29.87	36.36	33.77
2015	BUCKS COUNTY TECHNICAL HS	E	All Students	374	1.6	47.86	41.44	9.09
2015	BUCKS COUNTY TECHNICAL HS	E	Historically Underperforming	195	0.51	40	45.13	14.36
2015	BUCKS COUNTY TECHNICAL HS	M	All Students	371	7.28	26.95	51.75	14.02
2015	BUCKS COUNTY TECHNICAL HS	M	Historically Underperforming	193	5.18	23.32	48.19	23.32
2015	BUCKS COUNTY TECHNICAL HS	S	All Students	371	11.59	26.42	32.08	29.92
2015	BUCKS COUNTY TECHNICAL HS	S	Historically Underperforming	193	7.25	22.8	32.64	37.31
2015	BURGETTSTOWN AREA SD	E	All Students	91	2.2	72.53	19.78	5.49
2015	BURGETTSTOWN AREA SD	E	Historically Underperforming	33	0	66.67	21.21	12.12
2015	BURGETTSTOWN AREA SD	M	All Students	91	4.4	63.74	29.67	2.2
2015	BURGETTSTOWN AREA SD	M	Historically Underperforming	33	0	48.48	45.45	6.06
2015	BURGETTSTOWN AREA SD	S	All Students	90	1.11	51.11	40	7.78
2015	BURGETTSTOWN AREA SD	S	Historically Underperforming	32	0	37.5	50	12.5
2015	BURRELL SD	E	All Students	138	2.9	73.91	17.39	5.8
2015	BURRELL SD	E	Historically Underperforming	40	0	57.5	22.5	20
2015	BURRELL SD	M	All Students	138	10.14	55.8	31.88	2.17
2015	BURRELL SD	M	Historically Underperforming	41	9.76	36.59	51.22	2.44
2015	BURRELL SD	S	All Students	136	17.65	36.76	31.62	13.97
2015	BURRELL SD	S	Historically Underperforming	41	7.32	36.59	26.83	29.27
2015	BUTLER AREA SD	E	All Students	510	10.2	74.71	12.35	2.75
2015	BUTLER AREA SD	E	Historically Underperforming	167	0	65.27	26.35	8.38
2015	BUTLER AREA SD	M	All Students	509	14.15	64.64	17.49	3.73
2015	BUTLER AREA SD	M	Historically Underperforming	165	5.45	51.52	31.52	11.52
2015	BUTLER AREA SD	S	All Students	508	23.43	48.82	18.11	9.65
2015	BUTLER AREA SD	S	Historically Underperforming	167	10.18	41.92	25.75	22.16
2015	BUTLER CO AVTS	E	All Students	2	IS	IS	IS	IS
2015	BUTLER CO AVTS	E	Historically Underperforming	1	IS	IS	IS	IS
2015	BUTLER CO AVTS	M	All Students	2	IS	IS	IS	IS
2015	BUTLER CO AVTS	M	Historically Underperforming	1	IS	IS	IS	IS
2015	BUTLER CO AVTS	S	All Students	2	IS	IS	IS	IS
2015	BUTLER CO AVTS	S	Historically Underperforming	1	IS	IS	IS	IS
2015	CALIFORNIA AREA SD	E	All Students	50	2	64	20	14
2015	CALIFORNIA AREA SD	E	Historically Underperforming	22	0	54.55	22.73	22.73
2015	CALIFORNIA AREA SD	M	All Students	51	13.73	45.1	29.41	11.76
2015	CALIFORNIA AREA SD	M	Historically Underperforming	23	4.35	43.48	30.43	21.74
2015	CALIFORNIA AREA SD	S	All Students	51	5.88	43.14	29.41	21.57
2015	CALIFORNIA AREA SD	S	Historically Underperforming	23	0	34.78	39.13	26.09
2015	CAMBRIA HEIGHTS SD	E	All Students	112	5.36	86.61	8.04	0
2015	CAMBRIA HEIGHTS SD	E	Historically Underperforming	35	2.86	77.14	20	0
2015	CAMBRIA HEIGHTS SD	M	All Students	112	7.14	59.82	31.25	1.79
2015	CAMBRIA HEIGHTS SD	M	Historically Underperforming	35	5.71	51.43	37.14	5.71
2015	CAMBRIA HEIGHTS SD	S	All Students	112	5.36	58.93	30.36	5.36
2015	CAMBRIA HEIGHTS SD	S	Historically Underperforming	35	2.86	40	45.71	11.43
2015	CAMERON COUNTY SD	E	All Students	34	5.88	76.47	17.65	0
2015	CAMERON COUNTY SD	E	Historically Underperforming	18	11.11	66.67	22.22	0
2015	CAMERON COUNTY SD	M	All Students	34	14.71	73.53	11.76	0
2015	CAMERON COUNTY SD	M	Historically Underperforming	18	16.67	61.11	22.22	0
2015	CAMERON COUNTY SD	S	All Students	34	0	67.65	26.47	5.88
2015	CAMERON COUNTY SD	S	Historically Underperforming	18	0	66.67	22.22	11.11
2015	CAMP HILL SD	E	All Students	100	15	68	15	2
2015	CAMP HILL SD	E	Historically Underperforming	12	16.67	25	41.67	16.67
2015	CAMP HILL SD	M	All Students	97	39.18	38.14	20.62	2.06
2015	CAMP HILL SD	M	Historically Underperforming	12	25	25	41.67	8.33
2015	CAMP HILL SD	S	All Students	100	39	44	16	1
2015	CAMP HILL SD	S	Historically Underperforming	12	16.67	58.33	25	0
2015	CANON-MCMILLAN SD	E	All Students	337	15.43	65.58	14.84	4.15
2015	CANON-MCMILLAN SD	E	Historically Underperforming	71	1.41	46.48	36.62	15.49
2015	CANON-MCMILLAN SD	M	All Students	339	27.73	49.56	19.17	3.54
2015	CANON-MCMILLAN SD	M	Historically Underperforming	74	9.46	35.14	40.54	14.86
2015	CANON-MCMILLAN SD	S	All Students	340	39.41	31.47	16.18	12.94
2015	CANON-MCMILLAN SD	S	Historically Underperforming	74	12.16	31.08	18.92	37.84
2015	CANTON AREA SD	E	All Students	59	1.69	84.75	10.17	3.39
2015	CANTON AREA SD	E	Historically Underperforming	25	4	76	12	8
2015	CANTON AREA SD	M	All Students	58	10.34	58.62	31.03	0
2015	CANTON AREA SD	M	Historically Underperforming	23	8.7	69.57	21.74	0
2015	CANTON AREA SD	S	All Students	59	13.56	59.32	23.73	3.39
2015	CANTON AREA SD	S	Historically Underperforming	23	8.7	60.87	26.09	4.35
2015	CAPITAL AREA SCHOOL FOR THE ARTS CS	E	All Students	42	9.52	80.95	4.76	4.76
2015	CAPITAL AREA SCHOOL FOR THE ARTS CS	E	Historically Underperforming	10	IS	IS	IS	IS
2015	CAPITAL AREA SCHOOL FOR THE ARTS CS	M	All Students	42	14.29	61.9	16.67	7.14
2015	CAPITAL AREA SCHOOL FOR THE ARTS CS	M	Historically Underperforming	10	IS	IS	IS	IS
2015	CAPITAL AREA SCHOOL FOR THE ARTS CS	S	All Students	42	9.52	66.67	14.29	9.52
2015	CAPITAL AREA SCHOOL FOR THE ARTS CS	S	Historically Underperforming	10	IS	IS	IS	IS
2015	CARBON CAREER & TECH INSTITUTE	E	All Students	92	5.43	60.87	20.65	13.04
2015	CARBON CAREER & TECH INSTITUTE	E	Historically Underperforming	49	6.12	48.98	24.49	20.41
2015	CARBON CAREER & TECH INSTITUTE	M	All Students	92	1.09	64.13	22.83	11.96
2015	CARBON CAREER & TECH INSTITUTE	M	Historically Underperforming	49	0	48.98	30.61	20.41
2015	CARBON CAREER & TECH INSTITUTE	S	All Students	92	10.87	53.26	23.91	11.96
2015	CARBON CAREER & TECH INSTITUTE	S	Historically Underperforming	49	8.16	40.82	28.57	22.45
2015	CARBONDALE AREA SD	E	All Students	93	1.08	77.42	18.28	3.23
2015	CARBONDALE AREA SD	E	Historically Underperforming	58	0	67.24	27.59	5.17
2015	CARBONDALE AREA SD	M	All Students	95	6.32	57.89	29.47	6.32
2015	CARBONDALE AREA SD	M	Historically Underperforming	60	5	45	41.67	8.33
2015	CARBONDALE AREA SD	S	All Students	94	22.34	41.49	23.4	12.77
2015	CARBONDALE AREA SD	S	Historically Underperforming	59	18.64	33.9	28.81	18.64
2015	CAREER INSTITUTE OF TECH	E	All Students	7	IS	IS	IS	IS
2015	CAREER INSTITUTE OF TECH	E	Historically Underperforming	5	IS	IS	IS	IS
2015	CAREER INSTITUTE OF TECH	M	All Students	6	IS	IS	IS	IS
2015	CAREER INSTITUTE OF TECH	M	Historically Underperforming	4	IS	IS	IS	IS
2015	CAREER INSTITUTE OF TECH	S	All Students	7	IS	IS	IS	IS
2015	CAREER INSTITUTE OF TECH	S	Historically Underperforming	5	IS	IS	IS	IS
2015	CARLISLE AREA SD	E	All Students	322	8.7	71.43	17.08	2.8
2015	CARLISLE AREA SD	E	Historically Underperforming	110	2.73	55.45	35.45	6.36
2015	CARLISLE AREA SD	M	All Students	330	29.7	42.12	25.15	3.03
2015	CARLISLE AREA SD	M	Historically Underperforming	110	16.36	31.82	43.64	8.18
2015	CARLISLE AREA SD	S	All Students	314	17.52	43.31	23.57	15.61
2015	CARLISLE AREA SD	S	Historically Underperforming	107	10.28	23.36	33.64	32.71
2015	CARLYNTON SD	E	All Students	96	7.29	68.75	19.79	4.17
2015	CARLYNTON SD	E	Historically Underperforming	49	4.08	59.18	28.57	8.16
2015	CARLYNTON SD	M	All Students	96	8.33	45.83	42.71	3.13
2015	CARLYNTON SD	M	Historically Underperforming	49	4.08	32.65	57.14	6.12
2015	CARLYNTON SD	S	All Students	96	16.67	50	22.92	10.42
2015	CARLYNTON SD	S	Historically Underperforming	49	8.16	53.06	20.41	18.37
2015	CARMICHAELS AREA SD	E	All Students	83	6.02	57.83	33.73	2.41
2015	CARMICHAELS AREA SD	E	Historically Underperforming	39	5.13	48.72	41.03	5.13
2015	CARMICHAELS AREA SD	M	All Students	83	8.43	57.83	31.33	2.41
2015	CARMICHAELS AREA SD	M	Historically Underperforming	38	7.89	42.11	44.74	5.26
2015	CARMICHAELS AREA SD	S	All Students	83	12.05	51.81	19.28	16.87
2015	CARMICHAELS AREA SD	S	Historically Underperforming	39	10.26	38.46	25.64	25.64
2015	CATASAUQUA AREA SD	E	All Students	97	3.09	60.82	27.84	8.25
2015	CATASAUQUA AREA SD	E	Historically Underperforming	46	0	43.48	41.3	15.22
2015	CATASAUQUA AREA SD	M	All Students	97	22.68	35.05	35.05	7.22
2015	CATASAUQUA AREA SD	M	Historically Underperforming	46	8.7	32.61	43.48	15.22
2015	CATASAUQUA AREA SD	S	All Students	97	23.71	29.9	23.71	22.68
2015	CATASAUQUA AREA SD	S	Historically Underperforming	46	10.87	19.57	30.43	39.13
2015	CENTENNIAL SD	E	All Students	392	5.36	56.63	28.83	9.18
