BERMUDIAN SPRINGS SD,Algebra I,All Students,137,27,45.3,22.6,5.1,2017
BERMUDIAN SPRINGS SD,Algebra I,Historically Underperforming,60,8.3,45,36.7,10,2017
BERMUDIAN SPRINGS SD,Biology,All Students,138,29.7,37,24.6,8.7,2017
BERMUDIAN SPRINGS SD,Biology,Historically Underperforming,60,11.7,35,36.7,16.7,2017
BERMUDIAN SPRINGS SD,Literature,All Students,138,13.8,71,13,2.2,2017
BERMUDIAN SPRINGS SD,Literature,Historically Underperforming,60,1.7,71.7,21.7,5,2017
CONEWAGO VALLEY SD,Algebra I,All Students,252,34.1,38.1,20.6,7.1,2017
CONEWAGO VALLEY SD,Algebra I,Historically Underperforming,95,17.9,35.8,29.5,16.8,2017
CONEWAGO VALLEY SD,Biology,All Students,253,37.9,36.4,15.4,10.3,2017
CONEWAGO VALLEY SD,Biology,Historically Underperforming,94,19.1,35.1,22.3,23.4,2017
CONEWAGO VALLEY SD,Literature,All Students,256,12.9,59.8,19.9,7.4,2017
CONEWAGO VALLEY SD,Literature,Historically Underperforming,97,5.2,45.4,32,17.5,2017
FAIRFIELD AREA SD,Algebra I,All Students,69,36.2,52.2,5.8,5.8,2017
FAIRFIELD AREA SD,Algebra I,Historically Underperforming,19,31.6,31.6,15.8,21.1,2017
FAIRFIELD AREA SD,Biology,All Students,71,26.8,56.3,9.9,7,2017
FAIRFIELD AREA SD,Biology,Historically Underperforming,19,15.8,52.6,5.3,26.3,2017
FAIRFIELD AREA SD,Literature,All Students,69,10.1,72.5,11.6,5.8,2017
FAIRFIELD AREA SD,Literature,Historically Underperforming,19,0,63.2,15.8,21.1,2017
GETTYSBURG AREA SD,Algebra I,All Students,322,24.5,48.4,20.8,6.2,2017
GETTYSBURG AREA SD,Algebra I,Historically Underperforming,119,10.1,42.9,31.1,16,2017
GETTYSBURG AREA SD,Biology,All Students,325,29.2,40,23.4,7.4,2017
GETTYSBURG AREA SD,Biology,Historically Underperforming,121,12.4,35.5,36.4,15.7,2017
GETTYSBURG AREA SD,Literature,All Students,325,11.4,71.1,12.9,4.6,2017
GETTYSBURG AREA SD,Literature,Historically Underperforming,122,3.3,60.7,25.4,10.7,2017
LITTLESTOWN AREA SD,Algebra I,All Students,127,26,58.3,12.6,3.1,2017
LITTLESTOWN AREA SD,Algebra I,Historically Underperforming,45,15.6,51.1,24.4,8.9,2017
LITTLESTOWN AREA SD,Biology,All Students,127,38.6,41.7,10.2,9.4,2017
LITTLESTOWN AREA SD,Biology,Historically Underperforming,45,26.7,37.8,15.6,20,2017
LITTLESTOWN AREA SD,Literature,All Students,127,8.7,73.2,14.2,3.9,2017
LITTLESTOWN AREA SD,Literature,Historically Underperforming,45,6.7,60,22.2,11.1,2017
UPPER ADAMS SD,Algebra I,All Students,114,21.9,44.7,28.1,5.3,2017
UPPER ADAMS SD,Algebra I,Historically Underperforming,53,11.3,43.4,37.7,7.5,2017
UPPER ADAMS SD,Biology,All Students,113,35.4,37.2,24.8,2.7,2017
UPPER ADAMS SD,Biology,Historically Underperforming,52,25,38.5,30.8,5.8,2017
UPPER ADAMS SD,Literature,All Students,112,5.4,72.3,21.4,0.9,2017
UPPER ADAMS SD,Literature,Historically Underperforming,51,2,62.7,33.3,2,2017
ACADEMY CHARTER SCHOOL,Algebra I,All Students,14,0,0,7.1,92.9,2017
ACADEMY CHARTER SCHOOL,Algebra I,Historically Underperforming,13,0,0,7.7,92.3,2017
ACADEMY CHARTER SCHOOL,Biology,All Students,15,0,0,20,80,2017
ACADEMY CHARTER SCHOOL,Biology,Historically Underperforming,13,0,0,15.4,84.6,2017
ACADEMY CHARTER SCHOOL,Literature,All Students,12,0,8.3,16.7,75,2017
ACADEMY CHARTER SCHOOL,Literature,Historically Underperforming,12,0,8.3,16.7,75,2017
ALLEGHENY VALLEY SD,Algebra I,All Students,83,12,53,27.7,7.2,2017
ALLEGHENY VALLEY SD,Algebra I,Historically Underperforming,37,8.1,40.5,35.1,16.2,2017
ALLEGHENY VALLEY SD,Biology,All Students,82,24.4,37.8,30.5,7.3,2017
ALLEGHENY VALLEY SD,Biology,Historically Underperforming,36,13.9,33.3,38.9,13.9,2017
ALLEGHENY VALLEY SD,Literature,All Students,83,6,72.3,14.5,7.2,2017
ALLEGHENY VALLEY SD,Literature,Historically Underperforming,37,5.4,62.2,21.6,10.8,2017
AVONWORTH SD,Algebra I,All Students,94,46.8,38.3,13.8,1.1,2017
AVONWORTH SD,Algebra I,Historically Underperforming,16,12.5,31.3,50,6.3,2017
AVONWORTH SD,Biology,All Students,94,42.6,39.4,12.8,5.3,2017
AVONWORTH SD,Biology,Historically Underperforming,16,6.3,31.3,31.3,31.3,2017
AVONWORTH SD,Literature,All Students,94,17,67,10.6,5.3,2017
AVONWORTH SD,Literature,Historically Underperforming,16,0,50,25,25,2017
BALDWIN-WHITEHALL SD,Algebra I,All Students,317,17,50.8,26.5,5.7,2017
BALDWIN-WHITEHALL SD,Algebra I,Historically Underperforming,123,9.8,37.4,39,13.8,2017
BALDWIN-WHITEHALL SD,Biology,All Students,317,27.1,38.5,24,10.4,2017
BALDWIN-WHITEHALL SD,Biology,Historically Underperforming,114,12.3,31.6,32.5,23.7,2017
BALDWIN-WHITEHALL SD,Literature,All Students,328,7,65.2,21.3,6.4,2017
BALDWIN-WHITEHALL SD,Literature,Historically Underperforming,127,2.4,44.1,37.8,15.7,2017
BETHEL PARK SD,Algebra I,All Students,400,19,53,21.3,6.8,2017
BETHEL PARK SD,Algebra I,Historically Underperforming,95,13.7,35.8,26.3,24.2,2017
BETHEL PARK SD,Biology,All Students,400,34,41.5,15.5,9,2017
BETHEL PARK SD,Biology,Historically Underperforming,93,17.2,36.6,20.4,25.8,2017
BETHEL PARK SD,Literature,All Students,399,10.8,73.9,12.5,2.8,2017
BETHEL PARK SD,Literature,Historically Underperforming,92,6.5,58.7,26.1,8.7,2017
BRENTWOOD BOROUGH SD,Algebra I,All Students,110,13.6,50.9,29.1,6.4,2017
BRENTWOOD BOROUGH SD,Algebra I,Historically Underperforming,48,4.2,35.4,47.9,12.5,2017
BRENTWOOD BOROUGH SD,Biology,All Students,110,20.9,46.4,21.8,10.9,2017
BRENTWOOD BOROUGH SD,Biology,Historically Underperforming,48,4.2,39.6,31.3,25,2017
BRENTWOOD BOROUGH SD,Literature,All Students,111,7.2,78.4,9,5.4,2017
BRENTWOOD BOROUGH SD,Literature,Historically Underperforming,49,0,69.4,18.4,12.2,2017
CARLYNTON SD,Algebra I,All Students,92,10.9,42.4,40.2,6.5,2017
CARLYNTON SD,Algebra I,Historically Underperforming,39,12.8,20.5,56.4,10.3,2017
CARLYNTON SD,Biology,All Students,93,14,60.2,17.2,8.6,2017
CARLYNTON SD,Biology,Historically Underperforming,40,17.5,45,25,12.5,2017
CARLYNTON SD,Literature,All Students,92,5.4,72.8,14.1,7.6,2017
CARLYNTON SD,Literature,Historically Underperforming,39,5.1,66.7,20.5,7.7,2017
CHARTIERS VALLEY SD,Algebra I,All Students,263,14.1,58.2,23.6,4.2,2017
CHARTIERS VALLEY SD,Algebra I,Historically Underperforming,88,9.1,48.9,34.1,8,2017
CHARTIERS VALLEY SD,Biology,All Students,263,41.4,44.9,9.5,4.2,2017
CHARTIERS VALLEY SD,Biology,Historically Underperforming,88,28.4,40.9,22.7,8,2017
CHARTIERS VALLEY SD,Literature,All Students,260,4.6,72.3,17.7,5.4,2017
CHARTIERS VALLEY SD,Literature,Historically Underperforming,85,2.4,56.5,30.6,10.6,2017
CITY CHS,Algebra I,All Students,145,15.9,48.3,23.4,12.4,2017
CITY CHS,Algebra I,Historically Underperforming,90,13.3,44.4,26.7,15.6,2017
CITY CHS,Biology,All Students,145,13.8,42.1,20.7,23.4,2017
CITY CHS,Biology,Historically Underperforming,90,8.9,37.8,26.7,26.7,2017
CITY CHS,Literature,All Students,150,6.7,66,22.7,4.7,2017
CITY CHS,Literature,Historically Underperforming,96,5.2,60.4,27.1,7.3,2017
CLAIRTON CITY SD,Algebra I,All Students,49,0,20.4,67.3,12.2,2017
CLAIRTON CITY SD,Algebra I,Historically Underperforming,40,0,15,70,15,2017
CLAIRTON CITY SD,Biology,All Students,50,0,14,44,42,2017
CLAIRTON CITY SD,Biology,Historically Underperforming,40,0,10,40,50,2017
CLAIRTON CITY SD,Literature,All Students,49,0,38.8,55.1,6.1,2017
CLAIRTON CITY SD,Literature,Historically Underperforming,40,0,37.5,55,7.5,2017
CORNELL SD,Algebra I,All Students,46,2.2,32.6,47.8,17.4,2017
CORNELL SD,Algebra I,Historically Underperforming,46,2.2,32.6,47.8,17.4,2017
CORNELL SD,Biology,All Students,46,15.2,32.6,32.6,19.6,2017
CORNELL SD,Biology,Historically Underperforming,46,15.2,32.6,32.6,19.6,2017
CORNELL SD,Literature,All Students,46,0,58.7,32.6,8.7,2017
CORNELL SD,Literature,Historically Underperforming,46,0,58.7,32.6,8.7,2017
DEER LAKES SD,Algebra I,All Students,155,17.4,41.3,32.9,8.4,2017
DEER LAKES SD,Algebra I,Historically Underperforming,59,5.1,30.5,49.2,15.3,2017
DEER LAKES SD,Biology,All Students,157,34.4,33.1,25.5,7,2017
DEER LAKES SD,Biology,Historically Underperforming,61,16.4,31.1,37.7,14.8,2017
DEER LAKES SD,Literature,All Students,153,9.2,65.4,18.3,7.2,2017
DEER LAKES SD,Literature,Historically Underperforming,58,3.4,51.7,29.3,15.5,2017
EAST ALLEGHENY SD,Algebra I,All Students,106,10.4,34,33,22.6,2017
EAST ALLEGHENY SD,Algebra I,Historically Underperforming,63,3.2,33.3,38.1,25.4,2017
EAST ALLEGHENY SD,Biology,All Students,109,16.5,25.7,30.3,27.5,2017
EAST ALLEGHENY SD,Biology,Historically Underperforming,65,12.3,20,32.3,35.4,2017
EAST ALLEGHENY SD,Literature,All Students,107,1.9,43,37.4,17.8,2017
EAST ALLEGHENY SD,Literature,Historically Underperforming,62,3.2,32.3,40.3,24.2,2017
ELIZABETH FORWARD SD,Algebra I,All Students,194,9.3,59.3,26.8,4.6,2017
ELIZABETH FORWARD SD,Algebra I,Historically Underperforming,75,2.7,45.3,40,12,2017
ELIZABETH FORWARD SD,Biology,All Students,192,18.8,53.6,19.8,7.8,2017
ELIZABETH FORWARD SD,Biology,Historically Underperforming,74,10.8,39.2,32.4,17.6,2017
ELIZABETH FORWARD SD,Literature,All Students,185,6.5,66.5,18.9,8.1,2017
ELIZABETH FORWARD SD,Literature,Historically Underperforming,70,0,47.1,32.9,20,2017
FOX CHAPEL AREA SD,Algebra I,All Students,334,39.8,50.6,9.3,0.3,2017
FOX CHAPEL AREA SD,Algebra I,Historically Underperforming,79,20.3,51.9,26.6,1.3,2017
FOX CHAPEL AREA SD,Biology,All Students,332,57.8,33.1,6.6,2.4,2017
FOX CHAPEL AREA SD,Biology,Historically Underperforming,77,29.9,45.5,16.9,7.8,2017
FOX CHAPEL AREA SD,Literature,All Students,332,25.6,70.8,3,0.6,2017
FOX CHAPEL AREA SD,Literature,Historically Underperforming,77,3.9,81.8,11.7,2.6,2017
GATEWAY SD,Algebra I,All Students,250,16,61.6,18.8,3.6,2017
GATEWAY SD,Algebra I,Historically Underperforming,85,7.1,55.3,30.6,7.1,2017
GATEWAY SD,Biology,All Students,248,35.9,40.7,17.3,6,2017
GATEWAY SD,Biology,Historically Underperforming,85,21.2,36.5,30.6,11.8,2017
GATEWAY SD,Literature,All Students,250,15.6,72.4,10,2,2017
GATEWAY SD,Literature,Historically Underperforming,85,2.4,71.8,21.2,4.7,2017
HAMPTON TOWNSHIP SD,Algebra I,All Students,256,35.5,53.1,10.5,0.8,2017
HAMPTON TOWNSHIP SD,Algebra I,Historically Underperforming,27,7.4,48.1,37,7.4,2017
HAMPTON TOWNSHIP SD,Biology,All Students,258,45.3,41.9,10.5,2.3,2017
HAMPTON TOWNSHIP SD,Biology,Historically Underperforming,29,10.3,51.7,24.1,13.8,2017
HAMPTON TOWNSHIP SD,Literature,All Students,258,20.5,75.2,3.5,0.8,2017
HAMPTON TOWNSHIP SD,Literature,Historically Underperforming,29,3.4,65.5,24.1,6.9,2017
HIGHLANDS SD,Algebra I,All Students,163,6.7,46,35,12.3,2017
HIGHLANDS SD,Algebra I,Historically Underperforming,104,1,42.3,38.5,18.3,2017
HIGHLANDS SD,Biology,All Students,158,15.8,35.4,34.2,14.6,2017
HIGHLANDS SD,Biology,Historically Underperforming,99,9.1,34.3,38.4,18.2,2017
HIGHLANDS SD,Literature,All Students,158,3.8,44.3,37.3,14.6,2017
HIGHLANDS SD,Literature,Historically Underperforming,99,0,36.4,43.4,20.2,2017
HILL HOUSE PASSPORT ACADEMY CS,Algebra I,All Students,45,0,4.4,64.4,31.1,2017
HILL HOUSE PASSPORT ACADEMY CS,Algebra I,Historically Underperforming,40,0,5,62.5,32.5,2017
HILL HOUSE PASSPORT ACADEMY CS,Biology,All Students,44,0,0,20.5,79.5,2017
HILL HOUSE PASSPORT ACADEMY CS,Biology,Historically Underperforming,39,0,0,17.9,82.1,2017
HILL HOUSE PASSPORT ACADEMY CS,Literature,All Students,42,0,21.4,54.8,23.8,2017
HILL HOUSE PASSPORT ACADEMY CS,Literature,Historically Underperforming,38,0,23.7,52.6,23.7,2017
KEYSTONE OAKS SD,Algebra I,All Students,140,23.6,50.7,20.7,5,2017
KEYSTONE OAKS SD,Algebra I,Historically Underperforming,54,18.5,33.3,35.2,13,2017
KEYSTONE OAKS SD,Biology,All Students,140,20.7,51.4,18.6,9.3,2017
KEYSTONE OAKS SD,Biology,Historically Underperforming,54,16.7,37,25.9,20.4,2017
KEYSTONE OAKS SD,Literature,All Students,139,7.2,74.8,12.2,5.8,2017
KEYSTONE OAKS SD,Literature,Historically Underperforming,53,0,60.4,26.4,13.2,2017
MCKEESPORT AREA SD,Algebra I,All Students,227,5.3,29.1,37.9,27.8,2017
MCKEESPORT AREA SD,Algebra I,Historically Underperforming,129,2.3,24,36.4,37.2,2017
MCKEESPORT AREA SD,Biology,All Students,225,10.7,24,22.2,43.1,2017
MCKEESPORT AREA SD,Biology,Historically Underperforming,127,7.9,18.9,19.7,53.5,2017
MCKEESPORT AREA SD,Literature,All Students,223,3.1,46.2,33.2,17.5,2017
MCKEESPORT AREA SD,Literature,Historically Underperforming,124,0.8,34.7,41.1,23.4,2017
MONTOUR SD,Algebra I,All Students,257,28,55.3,14.8,1.9,2017
MONTOUR SD,Algebra I,Historically Underperforming,63,12.7,47.6,31.7,7.9,2017
MONTOUR SD,Biology,All Students,257,38.1,45.5,12.1,4.3,2017
MONTOUR SD,Biology,Historically Underperforming,63,22.2,38.1,27,12.7,2017
MONTOUR SD,Literature,All Students,257,5.8,77.4,15.6,1.2,2017
MONTOUR SD,Literature,Historically Underperforming,63,3.2,54,38.1,4.8,2017
MOON AREA SD,Algebra I,All Students,283,26.5,56.5,14.8,2.1,2017
MOON AREA SD,Algebra I,Historically Underperforming,78,9,48.7,35.9,6.4,2017
MOON AREA SD,Biology,All Students,281,49.8,36.7,10.3,3.2,2017
MOON AREA SD,Biology,Historically Underperforming,76,13.2,51.3,23.7,11.8,2017
MOON AREA SD,Literature,All Students,282,11.7,79.4,7.1,1.8,2017
MOON AREA SD,Literature,Historically Underperforming,76,2.6,75,15.8,6.6,2017
MT LEBANON SD,Algebra I,All Students,431,43.4,49.9,4.6,2.1,2017
MT LEBANON SD,Algebra I,Historically Underperforming,99,22.2,54.5,14.1,9.1,2017
MT LEBANON SD,Biology,All Students,430,54.7,35.8,6.3,3.3,2017
MT LEBANON SD,Biology,Historically Underperforming,98,33.7,36.7,15.3,14.3,2017
MT LEBANON SD,Literature,All Students,429,20,76.2,3.5,0.2,2017
MT LEBANON SD,Literature,Historically Underperforming,98,12.2,71.4,15.3,1,2017
NORTH ALLEGHENY SD,Algebra I,All Students,630,44.9,47.8,6,1.3,2017
NORTH ALLEGHENY SD,Algebra I,Historically Underperforming,67,14.9,46.3,26.9,11.9,2017
NORTH ALLEGHENY SD,Biology,All Students,625,54.6,33.8,8.6,3,2017
NORTH ALLEGHENY SD,Biology,Historically Underperforming,65,27.7,21.5,26.2,24.6,2017
NORTH ALLEGHENY SD,Literature,All Students,626,27.2,68.5,3.2,1.1,2017
NORTH ALLEGHENY SD,Literature,Historically Underperforming,65,7.7,60,21.5,10.8,2017
NORTH HILLS SD,Algebra I,All Students,347,41.5,39.5,14.4,4.6,2017
NORTH HILLS SD,Algebra I,Historically Underperforming,105,22.9,35.2,27.6,14.3,2017
NORTH HILLS SD,Biology,All Students,347,37.2,45.8,11.2,5.8,2017
NORTH HILLS SD,Biology,Historically Underperforming,105,21,41.9,21.9,15.2,2017
NORTH HILLS SD,Literature,All Students,340,10.9,66.5,19.1,3.5,2017
NORTH HILLS SD,Literature,Historically Underperforming,102,2.9,49,37.3,10.8,2017
NORTHGATE SD,Algebra I,All Students,64,6.3,40.6,39.1,14.1,2017
NORTHGATE SD,Algebra I,Historically Underperforming,35,5.7,25.7,45.7,22.9,2017
NORTHGATE SD,Biology,All Students,64,10.9,32.8,32.8,23.4,2017
NORTHGATE SD,Biology,Historically Underperforming,34,5.9,17.6,35.3,41.2,2017
NORTHGATE SD,Literature,All Students,65,7.7,67.7,20,4.6,2017
NORTHGATE SD,Literature,Historically Underperforming,35,5.7,54.3,31.4,8.6,2017
PA DISTANCE LEARNING CS,Algebra I,All Students,51,7.8,17.6,41.2,33.3,2017
PA DISTANCE LEARNING CS,Algebra I,Historically Underperforming,20,0,10,35,55,2017
PA DISTANCE LEARNING CS,Biology,All Students,51,5.9,25.5,37.3,31.4,2017
PA DISTANCE LEARNING CS,Biology,Historically Underperforming,20,0,10,50,40,2017
PA DISTANCE LEARNING CS,Literature,All Students,51,3.9,54.9,21.6,19.6,2017
PA DISTANCE LEARNING CS,Literature,Historically Underperforming,20,0,45,20,35,2017
PENN HILLS SD,Algebra I,All Students,274,6.6,34.3,38.3,20.8,2017
PENN HILLS SD,Algebra I,Historically Underperforming,169,3,26.6,40.2,30.2,2017
PENN HILLS SD,Biology,All Students,269,17.5,23.8,27.5,31.2,2017
PENN HILLS SD,Biology,Historically Underperforming,165,10.3,20,29.1,40.6,2017
PENN HILLS SD,Literature,All Students,261,3.1,46.7,32.6,17.6,2017
PENN HILLS SD,Literature,Historically Underperforming,158,3.2,36.7,36.7,23.4,2017
PINE-RICHLAND SD,Algebra I,All Students,351,43.9,46.4,8.8,0.9,2017
PINE-RICHLAND SD,Algebra I,Historically Underperforming,61,16.4,47.5,31.1,4.9,2017
PINE-RICHLAND SD,Biology,All Students,353,40.8,46.5,8.8,4,2017
PINE-RICHLAND SD,Biology,Historically Underperforming,61,23,44.3,14.8,18,2017
PINE-RICHLAND SD,Literature,All Students,353,12.5,82.2,4.8,0.6,2017
PINE-RICHLAND SD,Literature,Historically Underperforming,60,3.3,76.7,16.7,3.3,2017
PITTSBURGH SD,Algebra I,All Students,85,0,14.1,56.5,29.4,2017
PITTSBURGH SD,Algebra I,Historically Underperforming,73,0,12.3,56.2,31.5,2017
PITTSBURGH SD,Biology,All Students,84,0,13.1,27.4,59.5,2017
PITTSBURGH SD,Biology,Historically Underperforming,72,0,12.5,25,62.5,2017
PITTSBURGH SD,Literature,All Students,81,0,18.5,39.5,42,2017
PITTSBURGH SD,Literature,Historically Underperforming,69,0,13,42,44.9,2017
PITTSBURGH SD,Algebra I,All Students,311,18.3,45.7,29.6,6.4,2017
PITTSBURGH SD,Algebra I,Historically Underperforming,142,2.1,43.7,41.5,12.7,2017
PITTSBURGH SD,Biology,All Students,313,21.1,30,27.2,21.7,2017
PITTSBURGH SD,Biology,Historically Underperforming,144,5.6,20.8,36.1,37.5,2017
PITTSBURGH SD,Literature,All Students,312,10.3,59.6,22.4,7.7,2017
PITTSBURGH SD,Literature,Historically Underperforming,143,2.8,49.7,33.6,14,2017
PITTSBURGH SD,Algebra I,All Students,261,5.7,26.8,39.1,28.4,2017
PITTSBURGH SD,Algebra I,Historically Underperforming,192,3.6,20.8,40.6,34.9,2017
PITTSBURGH SD,Biology,All Students,254,3.1,24.8,29.5,42.5,2017
PITTSBURGH SD,Biology,Historically Underperforming,186,1.1,18.3,28,52.7,2017
PITTSBURGH SD,Literature,All Students,263,2.3,51.3,27,19.4,2017
PITTSBURGH SD,Literature,Historically Underperforming,192,1.6,41.7,30.7,26,2017
PITTSBURGH SD,Algebra I,All Students,150,12,37.3,41.3,9.3,2017
PITTSBURGH SD,Algebra I,Historically Underperforming,109,5.5,33,48.6,12.8,2017
PITTSBURGH SD,Biology,All Students,149,10.7,20.8,40.3,28.2,2017
PITTSBURGH SD,Biology,Historically Underperforming,108,7.4,13.9,44.4,34.3,2017
PITTSBURGH SD,Literature,All Students,150,4,62.7,27.3,6,2017
PITTSBURGH SD,Literature,Historically Underperforming,109,0.9,57.8,33,8.3,2017
PITTSBURGH SD,Algebra I,All Students,74,2.7,24.3,39.2,33.8,2017
PITTSBURGH SD,Algebra I,Historically Underperforming,62,1.6,17.7,40.3,40.3,2017
PITTSBURGH SD,Biology,All Students,75,1.3,20,29.3,49.3,2017
PITTSBURGH SD,Biology,Historically Underperforming,63,1.6,14.3,28.6,55.6,2017
PITTSBURGH SD,Literature,All Students,75,0,45.3,38.7,16,2017
PITTSBURGH SD,Literature,Historically Underperforming,63,0,42.9,38.1,19,2017
PITTSBURGH SD,Algebra I,All Students,141,28.4,53.9,16.3,1.4,2017
PITTSBURGH SD,Algebra I,Historically Underperforming,37,5.4,59.5,29.7,5.4,2017
PITTSBURGH SD,Biology,All Students,141,29.8,43.3,20.6,6.4,2017
PITTSBURGH SD,Biology,Historically Underperforming,37,10.8,40.5,35.1,13.5,2017
PITTSBURGH SD,Literature,All Students,141,17.7,75.9,5,1.4,2017
PITTSBURGH SD,Literature,Historically Underperforming,37,2.7,81.1,13.5,2.7,2017
PITTSBURGH SD,Algebra I,All Students,67,1.5,28.4,53.7,16.4,2017
PITTSBURGH SD,Algebra I,Historically Underperforming,59,1.7,30.5,49.2,18.6,2017
PITTSBURGH SD,Biology,All Students,65,0,3.1,23.1,73.8,2017
PITTSBURGH SD,Biology,Historically Underperforming,58,0,1.7,25.9,72.4,2017
PITTSBURGH SD,Literature,All Students,67,0,25.4,52.2,22.4,2017
PITTSBURGH SD,Literature,Historically Underperforming,59,0,23.7,50.8,25.4,2017
PITTSBURGH SD,Algebra I,All Students,117,12,55.6,28.2,4.3,2017
PITTSBURGH SD,Algebra I,Historically Underperforming,54,7.4,53.7,35.2,3.7,2017
PITTSBURGH SD,Biology,All Students,116,17.2,35.3,37.1,10.3,2017
PITTSBURGH SD,Biology,Historically Underperforming,54,7.4,35.2,44.4,13,2017
PITTSBURGH SD,Literature,All Students,117,6.8,68.4,21.4,3.4,2017
PITTSBURGH SD,Literature,Historically Underperforming,54,1.9,64.8,29.6,3.7,2017
PITTSBURGH SD,Algebra I,All Students,24,4.2,25,50,20.8,2017
PITTSBURGH SD,Algebra I,Historically Underperforming,11,0,9.1,54.5,36.4,2017
PITTSBURGH SD,Biology,All Students,24,8.3,12.5,37.5,41.7,2017
PITTSBURGH SD,Biology,Historically Underperforming,11,0,0,27.3,72.7,2017
PITTSBURGH SD,Literature,All Students,22,0,54.5,31.8,13.6,2017
PITTSBURGH SD,Literature,Historically Underperforming,10,NULL,NULL,NULL,NULL,2017
PITTSBURGH SD,Algebra I,All Students,70,20,70,10,0,2017
PITTSBURGH SD,Algebra I,Historically Underperforming,34,14.7,76.5,8.8,0,2017
PITTSBURGH SD,Biology,All Students,70,42.9,51.4,5.7,0,2017
PITTSBURGH SD,Biology,Historically Underperforming,34,35.3,61.8,2.9,0,2017
PITTSBURGH SD,Literature,All Students,70,10,84.3,5.7,0,2017
PITTSBURGH SD,Literature,Historically Underperforming,34,8.8,82.4,8.8,0,2017
PLUM BOROUGH SD,Algebra I,All Students,302,17.5,58.6,19.2,4.6,2017
PLUM BOROUGH SD,Algebra I,Historically Underperforming,87,9.2,44.8,32.2,13.8,2017
PLUM BOROUGH SD,Biology,All Students,303,26.1,40.3,24.4,9.2,2017
PLUM BOROUGH SD,Biology,Historically Underperforming,87,14.9,28.7,34.5,21.8,2017
PLUM BOROUGH SD,Literature,All Students,300,8,67.7,15.7,8.7,2017
PLUM BOROUGH SD,Literature,Historically Underperforming,86,5.8,44.2,31.4,18.6,2017
PROPEL CS - BRADDOCK HILLS,Algebra I,All Students,65,7.7,33.8,46.2,12.3,2017
PROPEL CS - BRADDOCK HILLS,Algebra I,Historically Underperforming,51,5.9,33.3,47.1,13.7,2017
PROPEL CS - BRADDOCK HILLS,Biology,All Students,64,3.1,23.4,45.3,28.1,2017
PROPEL CS - BRADDOCK HILLS,Biology,Historically Underperforming,50,0,22,46,32,2017
PROPEL CS - BRADDOCK HILLS,Literature,All Students,66,6.1,53,33.3,7.6,2017
PROPEL CS - BRADDOCK HILLS,Literature,Historically Underperforming,51,3.9,47.1,43.1,5.9,2017
PROPEL CS - HOMESTEAD,Algebra I,All Students,43,9.3,25.6,37.2,27.9,2017
PROPEL CS - HOMESTEAD,Algebra I,Historically Underperforming,39,10.3,23.1,38.5,28.2,2017
PROPEL CS - HOMESTEAD,Biology,All Students,43,7,25.6,20.9,46.5,2017
PROPEL CS - HOMESTEAD,Biology,Historically Underperforming,39,5.1,25.6,20.5,48.7,2017
PROPEL CS - HOMESTEAD,Literature,All Students,43,2.3,48.8,25.6,23.3,2017
PROPEL CS - HOMESTEAD,Literature,Historically Underperforming,39,2.6,46.2,28.2,23.1,2017
QUAKER VALLEY SD,Algebra I,All Students,141,44.7,34,14.9,6.4,2017
QUAKER VALLEY SD,Algebra I,Historically Underperforming,32,18.8,25,31.3,25,2017
QUAKER VALLEY SD,Biology,All Students,143,57.3,25.9,9.8,7,2017
QUAKER VALLEY SD,Biology,Historically Underperforming,32,21.9,21.9,25,31.3,2017
QUAKER VALLEY SD,Literature,All Students,146,16.4,71.2,8.9,3.4,2017
QUAKER VALLEY SD,Literature,Historically Underperforming,33,3,54.5,27.3,15.2,2017
RIVERVIEW SD,Algebra I,All Students,63,17.5,58.7,19,4.8,2017
RIVERVIEW SD,Algebra I,Historically Underperforming,26,11.5,46.2,30.8,11.5,2017
RIVERVIEW SD,Biology,All Students,64,37.5,34.4,21.9,6.3,2017
RIVERVIEW SD,Biology,Historically Underperforming,26,23.1,30.8,30.8,15.4,2017
RIVERVIEW SD,Literature,All Students,65,10.8,72.3,13.8,3.1,2017
RIVERVIEW SD,Literature,Historically Underperforming,27,0,66.7,25.9,7.4,2017
SHALER AREA SD,Algebra I,All Students,350,12.9,58,26.3,2.9,2017
SHALER AREA SD,Algebra I,Historically Underperforming,120,6.7,47.5,38.3,7.5,2017
SHALER AREA SD,Biology,All Students,354,29.9,37.9,22.3,9.9,2017
SHALER AREA SD,Biology,Historically Underperforming,125,16.8,32,29.6,21.6,2017
SHALER AREA SD,Literature,All Students,350,5.7,68,20.3,6,2017
SHALER AREA SD,Literature,Historically Underperforming,121,5,50.4,29.8,14.9,2017
SOUTH ALLEGHENY SD,Algebra I,All Students,105,3.8,45.7,44.8,5.7,2017
SOUTH ALLEGHENY SD,Algebra I,Historically Underperforming,48,2.1,33.3,54.2,10.4,2017
SOUTH ALLEGHENY SD,Biology,All Students,105,18.1,33.3,31.4,17.1,2017
SOUTH ALLEGHENY SD,Biology,Historically Underperforming,48,6.3,35.4,33.3,25,2017
SOUTH ALLEGHENY SD,Literature,All Students,105,1,63.8,26.7,8.6,2017
SOUTH ALLEGHENY SD,Literature,Historically Underperforming,48,0,62.5,25,12.5,2017
SOUTH FAYETTE TOWNSHIP SD,Algebra I,All Students,191,43.5,46.6,7.9,2.1,2017
SOUTH FAYETTE TOWNSHIP SD,Algebra I,Historically Underperforming,33,18.2,42.4,30.3,9.1,2017
SOUTH FAYETTE TOWNSHIP SD,Biology,All Students,191,50.8,36.1,9.9,3.1,2017
SOUTH FAYETTE TOWNSHIP SD,Biology,Historically Underperforming,33,33.3,18.2,36.4,12.1,2017
SOUTH FAYETTE TOWNSHIP SD,Literature,All Students,191,16.8,72.8,8.4,2.1,2017
SOUTH FAYETTE TOWNSHIP SD,Literature,Historically Underperforming,33,0,57.6,33.3,9.1,2017
SOUTH PARK SD,Algebra I,All Students,176,33,47.7,15.9,3.4,2017
SOUTH PARK SD,Algebra I,Historically Underperforming,51,19.6,52.9,15.7,11.8,2017
SOUTH PARK SD,Biology,All Students,173,38.2,36.4,14.5,11,2017
SOUTH PARK SD,Biology,Historically Underperforming,50,24,36,22,18,2017
SOUTH PARK SD,Literature,All Students,174,5.7,70.7,19,4.6,2017
SOUTH PARK SD,Literature,Historically Underperforming,50,0,66,24,10,2017
SPECTRUM CS,Algebra I,All Students,3,NULL,NULL,NULL,NULL,2017
SPECTRUM CS,Algebra I,Historically Underperforming,2,NULL,NULL,NULL,NULL,2017
SPECTRUM CS,Biology,All Students,3,NULL,NULL,NULL,NULL,2017
SPECTRUM CS,Biology,Historically Underperforming,2,NULL,NULL,NULL,NULL,2017
SPECTRUM CS,Literature,All Students,3,NULL,NULL,NULL,NULL,2017
SPECTRUM CS,Literature,Historically Underperforming,2,NULL,NULL,NULL,NULL,2017
STEEL VALLEY SD,Algebra I,All Students,120,18.3,31.7,35.8,14.2,2017
STEEL VALLEY SD,Algebra I,Historically Underperforming,80,11.3,22.5,46.3,20,2017
STEEL VALLEY SD,Biology,All Students,121,14,27.3,25.6,33.1,2017
STEEL VALLEY SD,Biology,Historically Underperforming,81,8.6,17.3,27.2,46.9,2017
STEEL VALLEY SD,Literature,All Students,119,1.7,45.4,34.5,18.5,2017
STEEL VALLEY SD,Literature,Historically Underperforming,79,0,30.4,43,26.6,2017
STO-ROX SD,Algebra I,All Students,61,1.6,27.9,42.6,27.9,2017
STO-ROX SD,Algebra I,Historically Underperforming,45,0,22.2,44.4,33.3,2017
STO-ROX SD,Biology,All Students,58,1.7,17.2,20.7,60.3,2017
STO-ROX SD,Biology,Historically Underperforming,44,0,13.6,13.6,72.7,2017
STO-ROX SD,Literature,All Students,55,1.8,34.5,47.3,16.4,2017
STO-ROX SD,Literature,Historically Underperforming,40,0,27.5,50,22.5,2017
UPPER SAINT CLAIR SD,Algebra I,All Students,332,53.6,39.2,5.7,1.5,2017
UPPER SAINT CLAIR SD,Algebra I,Historically Underperforming,65,32.3,35.4,24.6,7.7,2017
UPPER SAINT CLAIR SD,Biology,All Students,330,69.4,24.5,4.5,1.5,2017
UPPER SAINT CLAIR SD,Biology,Historically Underperforming,63,47.6,28.6,17.5,6.3,2017
UPPER SAINT CLAIR SD,Literature,All Students,331,27.8,68.3,3.3,0.6,2017
UPPER SAINT CLAIR SD,Literature,Historically Underperforming,64,14.1,71.9,10.9,3.1,2017
URBAN PATHWAYS 6-12 CHARTER SCHO,Algebra I,All Students,43,2.3,27.9,48.8,20.9,2017
URBAN PATHWAYS 6-12 CHARTER SCHO,Algebra I,Historically Underperforming,32,0,25,46.9,28.1,2017
URBAN PATHWAYS 6-12 CHARTER SCHO,Biology,All Students,43,2.3,23.3,32.6,41.9,2017
URBAN PATHWAYS 6-12 CHARTER SCHO,Biology,Historically Underperforming,32,3.1,18.8,28.1,50,2017
URBAN PATHWAYS 6-12 CHARTER SCHO,Literature,All Students,43,0,53.5,30.2,16.3,2017
URBAN PATHWAYS 6-12 CHARTER SCHO,Literature,Historically Underperforming,32,0,46.9,31.3,21.9,2017
WEST ALLEGHENY SD,Algebra I,All Students,252,16.7,60.7,15.9,6.7,2017
WEST ALLEGHENY SD,Algebra I,Historically Underperforming,67,9,41.8,26.9,22.4,2017
WEST ALLEGHENY SD,Biology,All Students,251,32.7,47.4,11.6,8.4,2017
WEST ALLEGHENY SD,Biology,Historically Underperforming,67,10.4,44.8,17.9,26.9,2017
WEST ALLEGHENY SD,Literature,All Students,251,7.2,77.3,12.7,2.8,2017
WEST ALLEGHENY SD,Literature,Historically Underperforming,67,1.5,58.2,32.8,7.5,2017
WEST JEFFERSON HILLS SD,Algebra I,All Students,197,26.9,58.9,9.6,4.6,2017
WEST JEFFERSON HILLS SD,Algebra I,Historically Underperforming,44,15.9,38.6,27.3,18.2,2017
WEST JEFFERSON HILLS SD,Biology,All Students,202,36.6,49,9.9,4.5,2017
WEST JEFFERSON HILLS SD,Biology,Historically Underperforming,44,15.9,38.6,27.3,18.2,2017
WEST JEFFERSON HILLS SD,Literature,All Students,201,12.9,77.1,8,2,2017
WEST JEFFERSON HILLS SD,Literature,Historically Underperforming,43,4.7,58.1,27.9,9.3,2017
WEST MIFFLIN AREA SD,Algebra I,All Students,239,3.3,49.4,34.7,12.6,2017
WEST MIFFLIN AREA SD,Algebra I,Historically Underperforming,122,4.1,34.4,37.7,23.8,2017
WEST MIFFLIN AREA SD,Biology,All Students,239,14.2,42.3,20.5,23,2017
WEST MIFFLIN AREA SD,Biology,Historically Underperforming,122,9,32.8,22.1,36.1,2017
WEST MIFFLIN AREA SD,Literature,All Students,238,1.7,65.1,20.6,12.6,2017
WEST MIFFLIN AREA SD,Literature,Historically Underperforming,120,0.8,50.8,26.7,21.7,2017
WILKINSBURG BOROUGH SD,Algebra I,All Students,15,13.3,6.7,20,60,2017
WILKINSBURG BOROUGH SD,Algebra I,Historically Underperforming,13,15.4,7.7,23.1,53.8,2017
WILKINSBURG BOROUGH SD,Biology,All Students,15,6.7,6.7,40,46.7,2017
WILKINSBURG BOROUGH SD,Biology,Historically Underperforming,12,8.3,8.3,50,33.3,2017
WILKINSBURG BOROUGH SD,Literature,All Students,15,6.7,13.3,60,20,2017
WILKINSBURG BOROUGH SD,Literature,Historically Underperforming,12,8.3,16.7,50,25,2017
WOODLAND HILLS SD,Algebra I,All Students,265,6.8,35.8,39.6,17.7,2017
WOODLAND HILLS SD,Algebra I,Historically Underperforming,157,3.2,23.6,45.9,27.4,2017
WOODLAND HILLS SD,Biology,All Students,270,14.1,22.6,33.3,30,2017
WOODLAND HILLS SD,Biology,Historically Underperforming,164,5.5,15.2,35.4,43.9,2017
WOODLAND HILLS SD,Literature,All Students,219,4.1,57.1,25.6,13.2,2017
WOODLAND HILLS SD,Literature,Historically Underperforming,122,0,43.4,35.2,21.3,2017
APOLLO-RIDGE SD,Algebra I,All Students,72,5.6,55.6,30.6,8.3,2017
APOLLO-RIDGE SD,Algebra I,Historically Underperforming,32,3.1,40.6,37.5,18.8,2017
APOLLO-RIDGE SD,Biology,All Students,74,9.5,55.4,27,8.1,2017
APOLLO-RIDGE SD,Biology,Historically Underperforming,34,2.9,32.4,50,14.7,2017
APOLLO-RIDGE SD,Literature,All Students,71,4.2,69,21.1,5.6,2017
APOLLO-RIDGE SD,Literature,Historically Underperforming,31,3.2,48.4,35.5,12.9,2017
ARMSTRONG SD,Algebra I,All Students,211,10.4,74.4,11.4,3.8,2017
ARMSTRONG SD,Algebra I,Historically Underperforming,86,5.8,68.6,18.6,7,2017
ARMSTRONG SD,Biology,All Students,210,29,43.3,20,7.6,2017
ARMSTRONG SD,Biology,Historically Underperforming,85,18.8,42.4,24.7,14.1,2017
ARMSTRONG SD,Literature,All Students,210,5.2,76.2,16.2,2.4,2017
ARMSTRONG SD,Literature,Historically Underperforming,85,3.5,67.1,23.5,5.9,2017
ARMSTRONG SD,Algebra I,All Students,57,7,70.2,17.5,5.3,2017
ARMSTRONG SD,Algebra I,Historically Underperforming,27,3.7,55.6,29.6,11.1,2017
ARMSTRONG SD,Biology,All Students,59,27.1,47.5,20.3,5.1,2017
ARMSTRONG SD,Biology,Historically Underperforming,28,10.7,50,28.6,10.7,2017
ARMSTRONG SD,Literature,All Students,59,3.4,76.3,16.9,3.4,2017
ARMSTRONG SD,Literature,Historically Underperforming,28,0,64.3,28.6,7.1,2017
FREEPORT AREA SD,Algebra I,All Students,159,34.6,50.9,11.3,3.1,2017
FREEPORT AREA SD,Algebra I,Historically Underperforming,36,30.6,47.2,13.9,8.3,2017
FREEPORT AREA SD,Biology,All Students,160,48.8,36.3,10.6,4.4,2017
FREEPORT AREA SD,Biology,Historically Underperforming,37,27,48.6,13.5,10.8,2017
FREEPORT AREA SD,Literature,All Students,159,10.7,81.1,7.5,0.6,2017
FREEPORT AREA SD,Literature,Historically Underperforming,36,5.6,86.1,5.6,2.8,2017
LEECHBURG AREA SD,Algebra I,All Students,36,11.1,58.3,30.6,0,2017
LEECHBURG AREA SD,Algebra I,Historically Underperforming,11,0,45.5,54.5,0,2017
LEECHBURG AREA SD,Biology,All Students,38,26.3,55.3,13.2,5.3,2017
LEECHBURG AREA SD,Biology,Historically Underperforming,13,23.1,38.5,30.8,7.7,2017
LEECHBURG AREA SD,Literature,All Students,37,2.7,78.4,16.2,2.7,2017
LEECHBURG AREA SD,Literature,Historically Underperforming,12,0,58.3,33.3,8.3,2017
LENAPE AVTS,Algebra I,All Students,189,5.3,51.9,31.7,11.1,2017
LENAPE AVTS,Algebra I,Historically Underperforming,113,2.7,45.1,33.6,18.6,2017
LENAPE AVTS,Biology,All Students,186,6.5,52.7,28.5,12.4,2017
LENAPE AVTS,Biology,Historically Underperforming,113,3.5,47.8,33.6,15,2017
LENAPE AVTS,Literature,All Students,187,1.1,62.6,28.3,8,2017
LENAPE AVTS,Literature,Historically Underperforming,113,0,52.2,36.3,11.5,2017
ALIQUIPPA SD,Algebra I,All Students,59,1.7,27.1,49.2,22,2017
ALIQUIPPA SD,Algebra I,Historically Underperforming,58,1.7,27.6,50,20.7,2017
ALIQUIPPA SD,Biology,All Students,59,1.7,15.3,40.7,42.4,2017
ALIQUIPPA SD,Biology,Historically Underperforming,58,1.7,15.5,41.4,41.4,2017
ALIQUIPPA SD,Literature,All Students,59,0,39,47.5,13.6,2017
ALIQUIPPA SD,Literature,Historically Underperforming,58,0,39.7,46.6,13.8,2017
AMBRIDGE AREA SD,Algebra I,All Students,157,8.3,44.6,35,12.1,2017
AMBRIDGE AREA SD,Algebra I,Historically Underperforming,58,5.2,36.2,41.4,17.2,2017
AMBRIDGE AREA SD,Biology,All Students,158,13.9,43.7,29.7,12.7,2017
AMBRIDGE AREA SD,Biology,Historically Underperforming,61,11.5,34.4,36.1,18,2017
AMBRIDGE AREA SD,Literature,All Students,160,6.3,61.9,28.8,3.1,2017
AMBRIDGE AREA SD,Literature,Historically Underperforming,63,1.6,52.4,42.9,3.2,2017
BEAVER AREA SD,Algebra I,All Students,168,25.6,61.9,10.7,1.8,2017
BEAVER AREA SD,Algebra I,Historically Underperforming,36,11.1,41.7,41.7,5.6,2017
BEAVER AREA SD,Biology,All Students,167,41.9,41.3,13.8,3,2017
BEAVER AREA SD,Biology,Historically Underperforming,36,30.6,22.2,33.3,13.9,2017
BEAVER AREA SD,Literature,All Students,165,15.8,72.1,10.9,1.2,2017
BEAVER AREA SD,Literature,Historically Underperforming,34,0,64.7,29.4,5.9,2017
BIG BEAVER FALLS AREA SD,Algebra I,All Students,87,5.7,48.3,32.2,13.8,2017
BIG BEAVER FALLS AREA SD,Algebra I,Historically Underperforming,63,1.6,42.9,36.5,19,2017
BIG BEAVER FALLS AREA SD,Biology,All Students,82,11,45.1,25.6,18.3,2017
BIG BEAVER FALLS AREA SD,Biology,Historically Underperforming,59,8.5,37.3,30.5,23.7,2017
BIG BEAVER FALLS AREA SD,Literature,All Students,82,2.4,72,17.1,8.5,2017
BIG BEAVER FALLS AREA SD,Literature,Historically Underperforming,59,0,67.8,22,10.2,2017
BLACKHAWK SD,Algebra I,All Students,221,29.9,56.6,12.2,1.4,2017
BLACKHAWK SD,Algebra I,Historically Underperforming,56,8.9,50,35.7,5.4,2017
BLACKHAWK SD,Biology,All Students,222,43.7,45,9.5,1.8,2017
BLACKHAWK SD,Biology,Historically Underperforming,56,12.5,55.4,26.8,5.4,2017
BLACKHAWK SD,Literature,All Students,221,8.6,82.4,8.1,0.9,2017
BLACKHAWK SD,Literature,Historically Underperforming,57,1.8,68.4,26.3,3.5,2017
CENTRAL VALLEY SD,Algebra I,All Students,166,27.7,53.6,16.3,2.4,2017
CENTRAL VALLEY SD,Algebra I,Historically Underperforming,53,18.9,52.8,22.6,5.7,2017
CENTRAL VALLEY SD,Biology,All Students,166,30.7,43.4,18.7,7.2,2017
CENTRAL VALLEY SD,Biology,Historically Underperforming,52,26.9,34.6,23.1,15.4,2017
CENTRAL VALLEY SD,Literature,All Students,168,8.3,77.4,13.1,1.2,2017
CENTRAL VALLEY SD,Literature,Historically Underperforming,53,5.7,64.2,26.4,3.8,2017
FREEDOM AREA SD,Algebra I,All Students,100,8,54,29,9,2017
FREEDOM AREA SD,Algebra I,Historically Underperforming,43,4.7,37.2,44.2,14,2017
FREEDOM AREA SD,Biology,All Students,103,12.6,45.6,27.2,14.6,2017
FREEDOM AREA SD,Biology,Historically Underperforming,47,8.5,27.7,40.4,23.4,2017
FREEDOM AREA SD,Literature,All Students,104,4.8,62.5,25,7.7,2017
FREEDOM AREA SD,Literature,Historically Underperforming,48,2.1,45.8,39.6,12.5,2017
HOPEWELL AREA SD,Algebra I,All Students,152,23,54.6,15.8,6.6,2017
HOPEWELL AREA SD,Algebra I,Historically Underperforming,53,11.3,52.8,18.9,17,2017
HOPEWELL AREA SD,Biology,All Students,153,20.3,51.6,19.6,8.5,2017
HOPEWELL AREA SD,Biology,Historically Underperforming,54,9.3,40.7,31.5,18.5,2017
HOPEWELL AREA SD,Literature,All Students,153,4.6,77.1,13.7,4.6,2017
HOPEWELL AREA SD,Literature,Historically Underperforming,54,1.9,64.8,22.2,11.1,2017
LINCOLN PARK PERFORMING ARTS CS,Algebra I,All Students,138,23.9,50.7,20.3,5.1,2017
LINCOLN PARK PERFORMING ARTS CS,Algebra I,Historically Underperforming,47,21.3,42.6,21.3,14.9,2017
LINCOLN PARK PERFORMING ARTS CS,Biology,All Students,136,30.1,45.6,18.4,5.9,2017
LINCOLN PARK PERFORMING ARTS CS,Biology,Historically Underperforming,47,29.8,29.8,27.7,12.8,2017
LINCOLN PARK PERFORMING ARTS CS,Literature,All Students,137,13.9,78.1,6.6,1.5,2017
LINCOLN PARK PERFORMING ARTS CS,Literature,Historically Underperforming,47,10.6,72.3,12.8,4.3,2017
NEW BRIGHTON AREA SD,Algebra I,All Students,105,7.6,55.2,32.4,4.8,2017
NEW BRIGHTON AREA SD,Algebra I,Historically Underperforming,56,7.1,37.5,46.4,8.9,2017
NEW BRIGHTON AREA SD,Biology,All Students,105,23.8,43.8,19,13.3,2017
NEW BRIGHTON AREA SD,Biology,Historically Underperforming,56,12.5,35.7,26.8,25,2017
NEW BRIGHTON AREA SD,Literature,All Students,105,2.9,68.6,24.8,3.8,2017
NEW BRIGHTON AREA SD,Literature,Historically Underperforming,56,0,53.6,39.3,7.1,2017
PA CYBER CS,Algebra I,All Students,1078,7.4,36.7,39.6,16.2,2017
PA CYBER CS,Algebra I,Historically Underperforming,377,5.6,27.3,37.9,29.2,2017
PA CYBER CS,Biology,All Students,1063,10.6,32.2,30,27.2,2017
PA CYBER CS,Biology,Historically Underperforming,369,6.2,24.4,29.8,39.6,2017
PA CYBER CS,Literature,All Students,1071,2.5,57.6,31.5,8.4,2017
PA CYBER CS,Literature,Historically Underperforming,371,1.9,42,39.4,16.7,2017
RIVERSIDE BEAVER COUNTY SD,Algebra I,All Students,98,33.7,41.8,21.4,3.1,2017
RIVERSIDE BEAVER COUNTY SD,Algebra I,Historically Underperforming,39,12.8,46.2,33.3,7.7,2017
RIVERSIDE BEAVER COUNTY SD,Biology,All Students,96,41.7,28.1,19.8,10.4,2017
RIVERSIDE BEAVER COUNTY SD,Biology,Historically Underperforming,37,16.2,32.4,29.7,21.6,2017
RIVERSIDE BEAVER COUNTY SD,Literature,All Students,99,9.1,77.8,11.1,2,2017
RIVERSIDE BEAVER COUNTY SD,Literature,Historically Underperforming,39,2.6,69.2,23.1,5.1,2017
ROCHESTER AREA SD,Algebra I,All Students,48,0,43.8,43.8,12.5,2017
ROCHESTER AREA SD,Algebra I,Historically Underperforming,36,0,38.9,44.4,16.7,2017
ROCHESTER AREA SD,Biology,All Students,49,10.2,34.7,28.6,26.5,2017
ROCHESTER AREA SD,Biology,Historically Underperforming,37,10.8,27,29.7,32.4,2017
ROCHESTER AREA SD,Literature,All Students,49,2,40.8,36.7,20.4,2017
ROCHESTER AREA SD,Literature,Historically Underperforming,37,2.7,35.1,40.5,21.6,2017
SOUTH SIDE AREA SD,Algebra I,All Students,90,28.9,40,27.8,3.3,2017
SOUTH SIDE AREA SD,Algebra I,Historically Underperforming,31,6.5,38.7,51.6,3.2,2017
SOUTH SIDE AREA SD,Biology,All Students,89,24.7,42.7,21.3,11.2,2017
SOUTH SIDE AREA SD,Biology,Historically Underperforming,30,6.7,36.7,36.7,20,2017
SOUTH SIDE AREA SD,Literature,All Students,89,11.2,70.8,14.6,3.4,2017
SOUTH SIDE AREA SD,Literature,Historically Underperforming,30,6.7,56.7,26.7,10,2017
WESTERN BEAVER COUNTY SD,Algebra I,All Students,56,19.6,53.6,21.4,5.4,2017
WESTERN BEAVER COUNTY SD,Algebra I,Historically Underperforming,27,18.5,33.3,37,11.1,2017
WESTERN BEAVER COUNTY SD,Biology,All Students,54,27.8,51.9,9.3,11.1,2017
WESTERN BEAVER COUNTY SD,Biology,Historically Underperforming,25,24,44,8,24,2017
WESTERN BEAVER COUNTY SD,Literature,All Students,55,3.6,70.9,23.6,1.8,2017
WESTERN BEAVER COUNTY SD,Literature,Historically Underperforming,26,0,53.8,42.3,3.8,2017
BEDFORD AREA SD,Algebra I,All Students,139,33.8,40.3,20.1,5.8,2017
BEDFORD AREA SD,Algebra I,Historically Underperforming,66,16.7,40.9,31.8,10.6,2017
BEDFORD AREA SD,Biology,All Students,133,33.1,44.4,13.5,9,2017
BEDFORD AREA SD,Biology,Historically Underperforming,62,22.6,43.5,16.1,17.7,2017
BEDFORD AREA SD,Literature,All Students,136,7.4,63.2,22.1,7.4,2017
BEDFORD AREA SD,Literature,Historically Underperforming,65,3.1,50.8,30.8,15.4,2017
CHESTNUT RIDGE SD,Algebra I,All Students,120,15,65.8,15,4.2,2017
CHESTNUT RIDGE SD,Algebra I,Historically Underperforming,46,8.7,60.9,21.7,8.7,2017
CHESTNUT RIDGE SD,Biology,All Students,121,24,47.9,19.8,8.3,2017
CHESTNUT RIDGE SD,Biology,Historically Underperforming,47,23.4,36.2,25.5,14.9,2017
CHESTNUT RIDGE SD,Literature,All Students,121,5.8,78.5,12.4,3.3,2017
CHESTNUT RIDGE SD,Literature,Historically Underperforming,47,2.1,66,23.4,8.5,2017
EVERETT AREA SD,Algebra I,All Students,98,4.1,70.4,21.4,4.1,2017
EVERETT AREA SD,Algebra I,Historically Underperforming,48,6.3,58.3,27.1,8.3,2017
EVERETT AREA SD,Biology,All Students,98,13.3,55.1,23.5,8.2,2017
EVERETT AREA SD,Biology,Historically Underperforming,48,6.3,52.1,29.2,12.5,2017
EVERETT AREA SD,Literature,All Students,98,7.1,79.6,12.2,1,2017
EVERETT AREA SD,Literature,Historically Underperforming,48,0,81.3,18.8,0,2017
HOPE FOR HYNDMAN CS,Algebra I,All Students,34,5.9,47.1,44.1,2.9,2017
HOPE FOR HYNDMAN CS,Algebra I,Historically Underperforming,34,5.9,47.1,44.1,2.9,2017
HOPE FOR HYNDMAN CS,Biology,All Students,34,8.8,41.2,32.4,17.6,2017
HOPE FOR HYNDMAN CS,Biology,Historically Underperforming,34,8.8,41.2,32.4,17.6,2017
HOPE FOR HYNDMAN CS,Literature,All Students,34,0,52.9,41.2,5.9,2017
